  0.500000E+00           NaN           NaN           NaN  0.000000E+00
  0.150000E+01  0.766009E+01 -0.164628E-02  0.446770E+01  0.600000E+01
  0.250000E+01  0.312900E+01 -0.254656E-03 -0.456047E+00  0.120000E+02
  0.350000E+01  0.148224E+01  0.568352E-03 -0.991293E-01  0.140000E+02
  0.450000E+01  0.900082E+00  0.109373E-02 -0.481966E-02  0.480000E+02
  0.550000E+01  0.627485E+00  0.416126E-03 -0.748143E-01  0.420000E+02
  0.650000E+01  0.536142E+00  0.684355E-03  0.788148E-01  0.560000E+02
  0.750000E+01  0.435847E+00  0.326826E-03 -0.268180E-01  0.780000E+02
  0.850000E+01  0.339965E+00  0.307615E-03  0.135004E-01  0.180000E+03
  0.950000E+01  0.269706E+00  0.208049E-03 -0.123638E-01  0.150000E+03
  0.105000E+02  0.236566E+00  0.220456E-03  0.112729E-01  0.152000E+03
  0.115000E+02  0.202802E+00  0.304223E-03 -0.734443E-02  0.210000E+03
  0.125000E+02  0.174574E+00  0.287351E-03  0.186823E-02  0.288000E+03
  0.135000E+02  0.149957E+00  0.306621E-03 -0.130078E-02  0.314000E+03
  0.145000E+02  0.132925E+00  0.547026E-04  0.263307E-02  0.312000E+03
  0.155000E+02  0.116031E+00  0.402079E-04 -0.189193E-02  0.462000E+03
  0.165000E+02  0.102305E+00 -0.691047E-04  0.202672E-02  0.452000E+03
  0.175000E+02  0.912488E-01 -0.176448E-03 -0.112676E-02  0.462000E+03
  0.185000E+02  0.814376E-01 -0.623217E-04  0.374324E-03  0.648000E+03
  0.195000E+02  0.723460E-01 -0.990800E-04 -0.765000E-03  0.570000E+03
  0.205000E+02  0.651732E-01 -0.321860E-04 -0.143772E-03  0.728000E+03
  0.215000E+02  0.586131E-01 -0.120794E-03  0.124312E-02  0.846000E+03
  0.225000E+02  0.528365E-01 -0.485173E-04 -0.103608E-02  0.828000E+03
  0.235000E+02  0.478678E-01  0.253942E-04  0.583672E-03  0.950000E+03
  0.245000E+02  0.439552E-01 -0.911383E-04  0.784594E-04  0.924000E+03
  0.255000E+02  0.398002E-01  0.317737E-04  0.196956E-03  0.111000E+04
  0.265000E+02  0.360635E-01 -0.198176E-05 -0.547725E-03  0.122400E+04
  0.275000E+02  0.327450E-01  0.662065E-04  0.620632E-03  0.122600E+04
  0.285000E+02  0.300959E-01 -0.152682E-04 -0.887916E-03  0.132000E+04
  0.295000E+02  0.273998E-01 -0.918073E-04  0.546749E-03  0.159000E+04
  0.305000E+02  0.249681E-01 -0.607813E-04 -0.516927E-03  0.162800E+04
  0.315000E+02  0.232745E-01 -0.909802E-04  0.596228E-03  0.151800E+04
  0.325000E+02  0.214535E-01 -0.361163E-04 -0.446676E-03  0.184800E+04
  0.335000E+02  0.198295E-01 -0.175952E-04  0.307312E-03  0.192200E+04
  0.345000E+02  0.182833E-01 -0.345739E-04 -0.198200E-03  0.199200E+04
  0.355000E+02  0.172078E-01 -0.258038E-05  0.305829E-03  0.203400E+04
  0.365000E+02  0.158519E-01 -0.116134E-03 -0.249100E-03  0.228000E+04
  0.375000E+02  0.146729E-01 -0.873977E-04  0.226992E-03  0.260600E+04
  0.385000E+02  0.134421E-01 -0.194114E-03 -0.233748E-03  0.234000E+04
  0.395000E+02  0.125821E-01 -0.490000E-04  0.167065E-03  0.267000E+04
  0.405000E+02  0.117503E-01 -0.841916E-04 -0.239421E-03  0.260000E+04
  0.415000E+02  0.109640E-01 -0.537084E-04  0.174365E-03  0.321000E+04
  0.425000E+02  0.103572E-01 -0.756520E-04 -0.579025E-04  0.262200E+04
  0.435000E+02  0.970194E-02 -0.824564E-04  0.126108E-03  0.346400E+04
  0.445000E+02  0.903926E-02 -0.124405E-03 -0.127250E-03  0.328200E+04
  0.455000E+02  0.832703E-02 -0.111671E-03  0.612877E-04  0.357600E+04
  0.465000E+02  0.778109E-02 -0.144209E-03 -0.642740E-04  0.347400E+04
  0.475000E+02  0.722214E-02 -0.199860E-03  0.115592E-03  0.394400E+04
  0.485000E+02  0.675754E-02 -0.204940E-03 -0.494570E-04  0.408600E+04
  0.495000E+02  0.632437E-02 -0.141045E-03  0.446728E-04  0.402000E+04
  0.505000E+02  0.598146E-02 -0.124368E-03 -0.223950E-04  0.419000E+04
  0.515000E+02  0.551262E-02 -0.136674E-03 -0.277918E-04  0.448800E+04
  0.525000E+02  0.522241E-02 -0.140634E-03 -0.816120E-04  0.465000E+04
  0.535000E+02  0.489290E-02 -0.693265E-04  0.201769E-05  0.477600E+04
  0.545000E+02  0.462740E-02 -0.637753E-04 -0.163346E-03  0.486200E+04
  0.555000E+02  0.445449E-02 -0.843504E-04 -0.420442E-04  0.570000E+04
  0.565000E+02  0.418807E-02 -0.107574E-03 -0.102207E-03  0.521400E+04
  0.575000E+02  0.402055E-02 -0.144428E-03 -0.676965E-05  0.540800E+04
  0.585000E+02  0.378660E-02 -0.109301E-03 -0.720347E-04  0.575400E+04
  0.595000E+02  0.364522E-02 -0.883328E-04  0.377023E-04  0.604800E+04
  0.605000E+02  0.332058E-02 -0.128147E-03 -0.157873E-04  0.619400E+04
  0.615000E+02  0.309257E-02 -0.670959E-04  0.293399E-04  0.621600E+04
  0.625000E+02  0.286394E-02 -0.893278E-04 -0.531932E-04  0.651000E+04
  0.635000E+02  0.272650E-02 -0.130021E-04 -0.250146E-04  0.694800E+04
  0.645000E+02  0.259703E-02 -0.590712E-04 -0.257015E-04  0.719000E+04
  0.655000E+02  0.240802E-02 -0.241129E-05 -0.103957E-04  0.724800E+04
  0.665000E+02  0.225835E-02 -0.401862E-04 -0.289190E-04  0.738600E+04
  0.675000E+02  0.211279E-02 -0.109756E-04 -0.398342E-04  0.780800E+04
  0.685000E+02  0.202135E-02 -0.256078E-04  0.171403E-04  0.744600E+04
  0.695000E+02  0.187909E-02 -0.921887E-05 -0.124930E-04  0.831600E+04
  0.705000E+02  0.176081E-02 -0.777918E-04  0.332010E-04  0.831000E+04
  0.715000E+02  0.151100E-02 -0.731268E-04  0.708506E-05  0.873200E+04
  0.725000E+02  0.141794E-02 -0.507847E-04  0.172082E-04  0.898200E+04
  0.735000E+02  0.124616E-02 -0.382874E-04  0.155984E-04  0.931200E+04
  0.745000E+02  0.119950E-02 -0.219334E-04  0.377818E-04  0.912200E+04
  0.755000E+02  0.113893E-02 -0.594546E-04  0.280065E-05  0.969600E+04
  0.765000E+02  0.104286E-02 -0.256715E-04  0.196939E-04  0.101100E+05
  0.775000E+02  0.977553E-03 -0.397587E-04 -0.254391E-04  0.986000E+04
  0.785000E+02  0.904938E-03 -0.643243E-04 -0.707972E-05  0.104940E+05
  0.795000E+02  0.892314E-03 -0.953452E-04 -0.516742E-04  0.104880E+05
  0.805000E+02  0.907909E-03 -0.933065E-04 -0.345832E-04  0.109860E+05
  0.815000E+02  0.792089E-03 -0.105436E-03 -0.642275E-04  0.108560E+05
  0.825000E+02  0.790830E-03 -0.113600E-03 -0.325833E-04  0.116820E+05
  0.835000E+02  0.720793E-03 -0.115320E-03 -0.772798E-04  0.114780E+05
  0.845000E+02  0.718618E-03 -0.721440E-04 -0.318687E-04  0.127040E+05
  0.855000E+02  0.683535E-03 -0.108103E-03 -0.295377E-04  0.121140E+05
  0.865000E+02  0.756716E-03 -0.749446E-04  0.175077E-04  0.122160E+05
  0.875000E+02  0.685344E-03 -0.112428E-03 -0.389084E-04  0.137660E+05
  0.885000E+02  0.771215E-03 -0.940240E-04  0.193564E-04  0.128280E+05
  0.895000E+02  0.875307E-03 -0.917015E-04 -0.196726E-04  0.132300E+05
  0.905000E+02  0.885046E-03 -0.294063E-04 -0.110019E-04  0.140640E+05
  0.915000E+02  0.921352E-03 -0.743250E-04 -0.444491E-04  0.139940E+05
  0.925000E+02  0.974543E-03 -0.506146E-04 -0.424843E-04  0.150240E+05
  0.935000E+02  0.931884E-03 -0.702339E-04 -0.556090E-04  0.143220E+05
  0.945000E+02  0.936433E-03 -0.795427E-04 -0.238767E-04  0.146960E+05
  0.955000E+02  0.893914E-03 -0.784617E-04 -0.606570E-04  0.157260E+05
  0.965000E+02  0.937273E-03 -0.644120E-04 -0.240949E-04  0.157080E+05
  0.975000E+02  0.982195E-03 -0.655113E-04 -0.143565E-04  0.157980E+05
  0.985000E+02  0.102968E-02 -0.247740E-04 -0.192454E-04  0.165200E+05
  0.995000E+02  0.104516E-02 -0.241787E-04 -0.198752E-05  0.171780E+05
  0.100500E+03  0.107351E-02 -0.976670E-05  0.269973E-04  0.169200E+05
  0.101500E+03  0.104836E-02  0.604750E-05  0.903949E-05  0.169820E+05
  0.102500E+03  0.106940E-02 -0.876529E-05  0.252780E-04  0.179880E+05
  0.103500E+03  0.997161E-03  0.196380E-04  0.192517E-04  0.181740E+05
  0.104500E+03  0.949612E-03 -0.245614E-04  0.748862E-05  0.183320E+05
  0.105500E+03  0.843731E-03 -0.184109E-05  0.120783E-04  0.185820E+05
  0.106500E+03  0.803362E-03 -0.191724E-04  0.141722E-04  0.190800E+05
  0.107500E+03  0.687245E-03  0.617424E-05  0.141948E-05  0.192420E+05
  0.108500E+03  0.668769E-03 -0.103356E-04  0.214255E-04  0.203840E+05
  0.109500E+03  0.563922E-03 -0.303530E-04 -0.658016E-05  0.198300E+05
  0.110500E+03  0.498052E-03 -0.330074E-04  0.221742E-04  0.205080E+05
  0.111500E+03  0.434406E-03 -0.289280E-04  0.859297E-06  0.211580E+05
  0.112500E+03  0.399371E-03  0.152940E-04  0.164522E-04  0.215280E+05
  0.113500E+03  0.289214E-03 -0.691337E-05 -0.325176E-05  0.220260E+05
  0.114500E+03  0.289346E-03  0.158059E-04  0.648826E-05  0.215280E+05
  0.115500E+03  0.233676E-03 -0.825519E-05 -0.704780E-05  0.223340E+05
  0.116500E+03  0.199546E-03  0.108752E-04 -0.143370E-04  0.229800E+05
  0.117500E+03  0.198816E-03  0.101011E-04 -0.803648E-05  0.235740E+05
  0.118500E+03  0.144304E-03  0.325694E-04 -0.189665E-04  0.230600E+05
  0.119500E+03  0.104067E-03  0.347300E-04 -0.624528E-05  0.252300E+05
  0.120500E+03 -0.532151E-05  0.201075E-04 -0.271039E-04  0.242400E+05
  0.121500E+03 -0.158149E-04  0.336937E-04  0.477719E-05  0.245300E+05
  0.122500E+03 -0.929818E-04 -0.758206E-05 -0.257226E-04  0.247200E+05
  0.123500E+03 -0.716412E-04 -0.371014E-05  0.187124E-05  0.266220E+05
  0.124500E+03 -0.119461E-03 -0.225897E-04 -0.917291E-05  0.256920E+05
  0.125500E+03 -0.149137E-03 -0.402680E-04  0.930425E-06  0.266300E+05
  0.126500E+03 -0.188263E-03 -0.385580E-04  0.582629E-05  0.267900E+05
  0.127500E+03 -0.254390E-03 -0.512959E-04  0.390348E-05  0.281880E+05
  0.128500E+03 -0.294586E-03 -0.576106E-04 -0.259993E-05  0.273980E+05
  0.129500E+03 -0.255752E-03 -0.373463E-04 -0.335728E-06  0.288840E+05
  0.130500E+03 -0.340498E-03 -0.245628E-04 -0.134891E-04  0.273660E+05
  0.131500E+03 -0.310670E-03 -0.137590E-04 -0.192403E-05  0.297920E+05
  0.132500E+03 -0.376550E-03 -0.543247E-05 -0.113536E-04  0.300180E+05
  0.133500E+03 -0.386441E-03 -0.286791E-04 -0.122239E-04  0.297360E+05
  0.134500E+03 -0.389343E-03 -0.270858E-04 -0.886353E-05  0.303180E+05
  0.135500E+03 -0.365663E-03 -0.345568E-04 -0.127315E-04  0.305000E+05
  0.136500E+03 -0.368722E-03 -0.316769E-05 -0.280858E-04  0.320220E+05
  0.137500E+03 -0.374060E-03 -0.145424E-04 -0.339807E-04  0.314160E+05
  0.138500E+03 -0.392782E-03 -0.141783E-04 -0.360259E-04  0.321380E+05
  0.139500E+03 -0.421626E-03 -0.273639E-04 -0.523219E-04  0.339840E+05
  0.140500E+03 -0.388704E-03 -0.298888E-04 -0.501842E-04  0.330420E+05
  0.141500E+03 -0.354440E-03 -0.400102E-04 -0.414560E-04  0.334560E+05
  0.142500E+03 -0.376007E-03 -0.461736E-04 -0.362854E-04  0.341660E+05
  0.143500E+03 -0.383723E-03 -0.559879E-04 -0.385019E-04  0.350040E+05
  0.144500E+03 -0.398836E-03 -0.483554E-04 -0.436781E-04  0.349740E+05
  0.145500E+03 -0.377291E-03 -0.352386E-04 -0.382060E-04  0.359120E+05
  0.146500E+03 -0.397759E-03 -0.588687E-04 -0.416674E-04  0.359940E+05
  0.147500E+03 -0.346883E-03 -0.230810E-04 -0.353047E-04  0.379920E+05
  0.148500E+03 -0.314364E-03 -0.458352E-04 -0.294239E-04  0.361820E+05
  0.149500E+03 -0.288585E-03 -0.308251E-04 -0.183958E-04  0.378600E+05
  0.150500E+03 -0.282413E-03 -0.379805E-04 -0.115738E-04  0.378540E+05
  0.151500E+03 -0.283125E-03 -0.179166E-04 -0.119459E-04  0.383400E+05
  0.152500E+03 -0.309498E-03 -0.366070E-04 -0.117046E-04  0.393020E+05
  0.153500E+03 -0.284803E-03 -0.245069E-04  0.197615E-05  0.401280E+05
  0.154500E+03 -0.283785E-03 -0.512542E-04 -0.175838E-04  0.406740E+05
  0.155500E+03 -0.261300E-03 -0.467634E-05 -0.106531E-04  0.404240E+05
  0.156500E+03 -0.243866E-03 -0.271847E-04 -0.206798E-04  0.417180E+05
  0.157500E+03 -0.260756E-03  0.886938E-05 -0.967545E-05  0.412200E+05
  0.158500E+03 -0.263170E-03 -0.297531E-04 -0.249704E-04  0.424940E+05
  0.159500E+03 -0.240521E-03 -0.977000E-05 -0.471735E-05  0.431760E+05
  0.160500E+03 -0.246909E-03 -0.392331E-04 -0.282113E-04  0.440340E+05
  0.161500E+03 -0.201189E-03  0.674189E-06 -0.174064E-04  0.425760E+05
  0.162500E+03 -0.238938E-03 -0.649682E-05 -0.263426E-04  0.444020E+05
  0.163500E+03 -0.242015E-03  0.251629E-04 -0.165533E-04  0.461520E+05
  0.164500E+03 -0.216150E-03  0.281778E-04 -0.703695E-05  0.447900E+05
  0.165500E+03 -0.234929E-03  0.204630E-04 -0.113288E-04  0.457640E+05
  0.166500E+03 -0.235342E-03  0.184361E-04  0.173412E-05  0.482460E+05
  0.167500E+03 -0.237482E-03  0.299942E-04 -0.566800E-05  0.467820E+05
  0.168500E+03 -0.212870E-03  0.322485E-04 -0.253585E-05  0.479880E+05
  0.169500E+03 -0.225998E-03  0.378494E-04 -0.159416E-04  0.478940E+05
  0.170500E+03 -0.211703E-03  0.234915E-04 -0.900261E-05  0.496560E+05
  0.171500E+03 -0.202157E-03  0.125910E-04 -0.182580E-04  0.500580E+05
  0.172500E+03 -0.201458E-03  0.245461E-04 -0.171085E-04  0.493280E+05
  0.173500E+03 -0.208436E-03  0.176824E-04 -0.138971E-04  0.501900E+05
  0.174500E+03 -0.207200E-03  0.172678E-05 -0.202717E-04  0.530040E+05
  0.175500E+03 -0.180727E-03  0.525958E-05 -0.221573E-04  0.513500E+05
  0.176500E+03 -0.191576E-03  0.528393E-05 -0.225885E-04  0.518280E+05
  0.177500E+03 -0.172389E-03  0.248965E-04 -0.133275E-04  0.529500E+05
  0.178500E+03 -0.161491E-03  0.147576E-04 -0.224530E-04  0.541680E+05
  0.179500E+03 -0.133556E-03  0.152955E-04 -0.117533E-04  0.548900E+05
  0.180500E+03 -0.166802E-03  0.931445E-05 -0.778191E-05  0.547920E+05
  0.181500E+03 -0.167329E-03  0.669570E-05  0.148295E-04  0.554220E+05
  0.182500E+03 -0.179681E-03  0.838306E-05 -0.613173E-05  0.571400E+05
  0.183500E+03 -0.187070E-03  0.272944E-04  0.108716E-04  0.571020E+05
  0.184500E+03 -0.209278E-03  0.187019E-04 -0.521232E-05  0.559200E+05
  0.185500E+03 -0.150559E-03  0.161418E-04  0.425190E-05  0.586500E+05
  0.186500E+03 -0.180065E-03  0.849224E-06 -0.464320E-05  0.586160E+05
  0.187500E+03 -0.169693E-03  0.112832E-05  0.495025E-05  0.583620E+05
  0.188500E+03 -0.164385E-03 -0.971021E-05 -0.108820E-04  0.599520E+05
  0.189500E+03 -0.142207E-03 -0.956539E-05 -0.143865E-05  0.612860E+05
  0.190500E+03 -0.119849E-03 -0.219518E-04 -0.595887E-05  0.616200E+05
  0.191500E+03 -0.113889E-03 -0.204762E-04 -0.213299E-05  0.605100E+05
  0.192500E+03 -0.104412E-03 -0.261903E-04  0.773479E-06  0.629840E+05
  0.193500E+03 -0.820321E-04 -0.740067E-05  0.857643E-05  0.640740E+05
  0.194500E+03 -0.754493E-04 -0.119226E-04 -0.767172E-05  0.630000E+05
  0.195500E+03 -0.994451E-04  0.342059E-05 -0.656417E-05  0.655740E+05
  0.196500E+03 -0.117397E-03 -0.207081E-04 -0.182813E-04  0.644840E+05
  0.197500E+03 -0.120963E-03 -0.192962E-05 -0.126245E-05  0.662700E+05
  0.198500E+03 -0.144388E-03 -0.192933E-04 -0.221051E-04  0.659640E+05
  0.199500E+03 -0.140907E-03  0.101936E-04  0.940227E-05  0.671180E+05
