  0.100000E+01  0.416667E-01  0.628662E+01  0.400000E+01
  0.100000E+01  0.125000E+00           NaN  0.000000E+00
  0.100000E+01  0.208333E+00           NaN  0.000000E+00
  0.100000E+01  0.291667E+00           NaN  0.000000E+00
  0.100000E+01  0.375000E+00           NaN  0.000000E+00
  0.100000E+01  0.458333E+00           NaN  0.000000E+00
  0.100000E+01  0.541667E+00           NaN  0.000000E+00
  0.100000E+01  0.625000E+00           NaN  0.000000E+00
  0.100000E+01  0.708333E+00           NaN  0.000000E+00
  0.100000E+01  0.791667E+00           NaN  0.000000E+00
  0.100000E+01  0.875000E+00           NaN  0.000000E+00
  0.100000E+01  0.958333E+00           NaN  0.000000E+00
  0.300000E+01  0.416667E-01  0.191168E+01  0.800000E+01
  0.300000E+01  0.125000E+00           NaN  0.000000E+00
  0.300000E+01  0.208333E+00           NaN  0.000000E+00
  0.300000E+01  0.291667E+00           NaN  0.000000E+00
  0.300000E+01  0.375000E+00           NaN  0.000000E+00
  0.300000E+01  0.458333E+00           NaN  0.000000E+00
  0.300000E+01  0.541667E+00  0.172680E+01  0.400000E+01
  0.300000E+01  0.625000E+00           NaN  0.000000E+00
  0.300000E+01  0.708333E+00  0.298849E+01  0.400000E+01
  0.300000E+01  0.791667E+00           NaN  0.000000E+00
  0.300000E+01  0.875000E+00           NaN  0.000000E+00
  0.300000E+01  0.958333E+00           NaN  0.000000E+00
  0.500000E+01  0.416667E-01  0.917206E+00  0.160000E+02
  0.500000E+01  0.125000E+00           NaN  0.000000E+00
  0.500000E+01  0.208333E+00           NaN  0.000000E+00
  0.500000E+01  0.291667E+00           NaN  0.000000E+00
  0.500000E+01  0.375000E+00  0.895924E+00  0.120000E+02
  0.500000E+01  0.458333E+00  0.106261E+01  0.400000E+01
  0.500000E+01  0.541667E+00           NaN  0.000000E+00
  0.500000E+01  0.625000E+00           NaN  0.000000E+00
  0.500000E+01  0.708333E+00  0.800475E+00  0.120000E+02
  0.500000E+01  0.791667E+00  0.111398E+01  0.400000E+01
  0.500000E+01  0.875000E+00  0.142932E+01  0.400000E+01
  0.500000E+01  0.958333E+00           NaN  0.000000E+00
  0.700000E+01  0.416667E-01  0.650316E+00  0.200000E+02
  0.700000E+01  0.125000E+00           NaN  0.000000E+00
  0.700000E+01  0.208333E+00           NaN  0.000000E+00
  0.700000E+01  0.291667E+00  0.655273E+00  0.200000E+02
  0.700000E+01  0.375000E+00           NaN  0.000000E+00
  0.700000E+01  0.458333E+00           NaN  0.000000E+00
  0.700000E+01  0.541667E+00  0.602292E+00  0.160000E+02
  0.700000E+01  0.625000E+00           NaN  0.000000E+00
  0.700000E+01  0.708333E+00           NaN  0.000000E+00
  0.700000E+01  0.791667E+00  0.592620E+00  0.120000E+02
  0.700000E+01  0.875000E+00  0.779314E+00  0.400000E+01
  0.700000E+01  0.958333E+00  0.963126E+00  0.400000E+01
  0.900000E+01  0.416667E-01  0.459141E+00  0.400000E+02
  0.900000E+01  0.125000E+00           NaN  0.000000E+00
  0.900000E+01  0.208333E+00  0.461653E+00  0.360000E+02
  0.900000E+01  0.291667E+00           NaN  0.000000E+00
  0.900000E+01  0.375000E+00  0.406102E+00  0.800000E+01
  0.900000E+01  0.458333E+00  0.466854E+00  0.240000E+02
  0.900000E+01  0.541667E+00           NaN  0.000000E+00
  0.900000E+01  0.625000E+00  0.384435E+00  0.200000E+02
  0.900000E+01  0.708333E+00  0.468933E+00  0.160000E+02
  0.900000E+01  0.791667E+00  0.348017E+00  0.160000E+02
  0.900000E+01  0.875000E+00  0.420540E+00  0.120000E+02
  0.900000E+01  0.958333E+00  0.531342E+00  0.120000E+02
  0.110000E+02  0.416667E-01  0.339653E+00  0.320000E+02
  0.110000E+02  0.125000E+00  0.313793E+00  0.400000E+01
  0.110000E+02  0.208333E+00  0.356100E+00  0.280000E+02
  0.110000E+02  0.291667E+00           NaN  0.000000E+00
  0.110000E+02  0.375000E+00  0.342898E+00  0.320000E+02
  0.110000E+02  0.458333E+00           NaN  0.000000E+00
  0.110000E+02  0.541667E+00  0.316358E+00  0.320000E+02
  0.110000E+02  0.625000E+00           NaN  0.000000E+00
  0.110000E+02  0.708333E+00  0.286854E+00  0.320000E+02
  0.110000E+02  0.791667E+00           NaN  0.000000E+00
  0.110000E+02  0.875000E+00  0.263959E+00  0.240000E+02
  0.110000E+02  0.958333E+00  0.316720E+00  0.120000E+02
  0.130000E+02  0.416667E-01  0.275067E+00  0.400000E+02
  0.130000E+02  0.125000E+00  0.274882E+00  0.480000E+02
  0.130000E+02  0.208333E+00           NaN  0.000000E+00
  0.130000E+02  0.291667E+00  0.271748E+00  0.440000E+02
  0.130000E+02  0.375000E+00           NaN  0.000000E+00
  0.130000E+02  0.458333E+00  0.249404E+00  0.480000E+02
  0.130000E+02  0.541667E+00  0.214020E+00  0.120000E+02
  0.130000E+02  0.625000E+00  0.237906E+00  0.280000E+02
  0.130000E+02  0.708333E+00  0.192046E+00  0.280000E+02
  0.130000E+02  0.791667E+00  0.219703E+00  0.240000E+02
  0.130000E+02  0.875000E+00  0.175979E+00  0.240000E+02
  0.130000E+02  0.958333E+00  0.202766E+00  0.240000E+02
  0.150000E+02  0.416667E-01  0.223100E+00  0.520000E+02
  0.150000E+02  0.125000E+00  0.217775E+00  0.520000E+02
  0.150000E+02  0.208333E+00  0.198715E+00  0.800000E+01
  0.150000E+02  0.291667E+00  0.221376E+00  0.400000E+02
  0.150000E+02  0.375000E+00  0.200094E+00  0.480000E+02
  0.150000E+02  0.458333E+00  0.173212E+00  0.160000E+02
  0.150000E+02  0.541667E+00  0.195184E+00  0.360000E+02
  0.150000E+02  0.625000E+00  0.163385E+00  0.400000E+02
  0.150000E+02  0.708333E+00  0.157492E+00  0.160000E+02
  0.150000E+02  0.791667E+00  0.150630E+00  0.440000E+02
  0.150000E+02  0.875000E+00  0.120374E+00  0.320000E+02
  0.150000E+02  0.958333E+00  0.132820E+00  0.280000E+02
  0.170000E+02  0.416667E-01  0.182844E+00  0.480000E+02
  0.170000E+02  0.125000E+00  0.179335E+00  0.480000E+02
  0.170000E+02  0.208333E+00  0.178745E+00  0.560000E+02
  0.170000E+02  0.291667E+00  0.155529E+00  0.160000E+02
  0.170000E+02  0.375000E+00  0.169827E+00  0.400000E+02
  0.170000E+02  0.458333E+00  0.154613E+00  0.600000E+02
  0.170000E+02  0.541667E+00  0.139905E+00  0.400000E+02
  0.170000E+02  0.625000E+00  0.150031E+00  0.800000E+01
  0.170000E+02  0.708333E+00  0.126833E+00  0.480000E+02
  0.170000E+02  0.791667E+00  0.104853E+00  0.400000E+02
  0.170000E+02  0.875000E+00  0.893284E-01  0.400000E+02
  0.170000E+02  0.958333E+00  0.909445E-01  0.360000E+02
  0.190000E+02  0.416667E-01  0.150608E+00  0.720000E+02
  0.190000E+02  0.125000E+00  0.149994E+00  0.640000E+02
  0.190000E+02  0.208333E+00  0.146564E+00  0.680000E+02
  0.190000E+02  0.291667E+00  0.139960E+00  0.520000E+02
  0.190000E+02  0.375000E+00  0.126003E+00  0.360000E+02
  0.190000E+02  0.458333E+00  0.136577E+00  0.200000E+02
  0.190000E+02  0.541667E+00  0.122356E+00  0.560000E+02
  0.190000E+02  0.625000E+00  0.108405E+00  0.760000E+02
  0.190000E+02  0.708333E+00  0.921127E-01  0.560000E+02
  0.190000E+02  0.791667E+00  0.814251E-01  0.520000E+02
  0.190000E+02  0.875000E+00  0.675016E-01  0.440000E+02
  0.190000E+02  0.958333E+00  0.611779E-01  0.480000E+02
  0.210000E+02  0.416667E-01  0.123723E+00  0.680000E+02
  0.210000E+02  0.125000E+00  0.123458E+00  0.760000E+02
  0.210000E+02  0.208333E+00  0.122107E+00  0.680000E+02
  0.210000E+02  0.291667E+00  0.117738E+00  0.800000E+02
  0.210000E+02  0.375000E+00  0.110814E+00  0.720000E+02
  0.210000E+02  0.458333E+00  0.103719E+00  0.840000E+02
  0.210000E+02  0.541667E+00  0.920767E-01  0.720000E+02
  0.210000E+02  0.625000E+00  0.805892E-01  0.480000E+02
  0.210000E+02  0.708333E+00  0.727322E-01  0.600000E+02
  0.210000E+02  0.791667E+00  0.611303E-01  0.560000E+02
  0.210000E+02  0.875000E+00  0.497259E-01  0.680000E+02
  0.210000E+02  0.958333E+00  0.393993E-01  0.680000E+02
  0.230000E+02  0.416667E-01  0.102778E+00  0.124000E+03
  0.230000E+02  0.125000E+00  0.103149E+00  0.640000E+02
  0.230000E+02  0.208333E+00  0.103462E+00  0.680000E+02
  0.230000E+02  0.291667E+00  0.988738E-01  0.640000E+02
  0.230000E+02  0.375000E+00  0.922765E-01  0.840000E+02
  0.230000E+02  0.458333E+00  0.868883E-01  0.640000E+02
  0.230000E+02  0.541667E+00  0.761439E-01  0.800000E+02
  0.230000E+02  0.625000E+00  0.687589E-01  0.800000E+02
  0.230000E+02  0.708333E+00  0.590775E-01  0.840000E+02
  0.230000E+02  0.791667E+00  0.485428E-01  0.720000E+02
  0.230000E+02  0.875000E+00  0.359578E-01  0.760000E+02
  0.230000E+02  0.958333E+00  0.260677E-01  0.680000E+02
  0.250000E+02  0.416667E-01  0.886445E-01  0.144000E+03
  0.250000E+02  0.125000E+00  0.868782E-01  0.880000E+02
  0.250000E+02  0.208333E+00  0.870289E-01  0.800000E+02
  0.250000E+02  0.291667E+00  0.817488E-01  0.840000E+02
  0.250000E+02  0.375000E+00  0.764442E-01  0.800000E+02
  0.250000E+02  0.458333E+00  0.716274E-01  0.800000E+02
  0.250000E+02  0.541667E+00  0.634300E-01  0.800000E+02
  0.250000E+02  0.625000E+00  0.557236E-01  0.800000E+02
  0.250000E+02  0.708333E+00  0.475839E-01  0.720000E+02
  0.250000E+02  0.791667E+00  0.384621E-01  0.800000E+02
  0.250000E+02  0.875000E+00  0.280603E-01  0.920000E+02
  0.250000E+02  0.958333E+00  0.170659E-01  0.920000E+02
  0.270000E+02  0.416667E-01  0.758307E-01  0.192000E+03
  0.270000E+02  0.125000E+00  0.739725E-01  0.800000E+02
  0.270000E+02  0.208333E+00  0.737059E-01  0.960000E+02
  0.270000E+02  0.291667E+00  0.706227E-01  0.880000E+02
  0.270000E+02  0.375000E+00  0.662422E-01  0.880000E+02
  0.270000E+02  0.458333E+00  0.609236E-01  0.116000E+03
  0.270000E+02  0.541667E+00  0.541183E-01  0.112000E+03
  0.270000E+02  0.625000E+00  0.458800E-01  0.880000E+02
  0.270000E+02  0.708333E+00  0.382369E-01  0.124000E+03
  0.270000E+02  0.791667E+00  0.284161E-01  0.840000E+02
  0.270000E+02  0.875000E+00  0.201822E-01  0.104000E+03
  0.270000E+02  0.958333E+00  0.101251E-01  0.104000E+03
  0.290000E+02  0.416667E-01  0.651074E-01  0.200000E+03
  0.290000E+02  0.125000E+00  0.653730E-01  0.920000E+02
  0.290000E+02  0.208333E+00  0.632564E-01  0.104000E+03
  0.290000E+02  0.291667E+00  0.599114E-01  0.120000E+03
  0.290000E+02  0.375000E+00  0.563965E-01  0.140000E+03
  0.290000E+02  0.458333E+00  0.511001E-01  0.120000E+03
  0.290000E+02  0.541667E+00  0.453894E-01  0.108000E+03
  0.290000E+02  0.625000E+00  0.391495E-01  0.124000E+03
  0.290000E+02  0.708333E+00  0.313772E-01  0.132000E+03
  0.290000E+02  0.791667E+00  0.225744E-01  0.132000E+03
  0.290000E+02  0.875000E+00  0.147822E-01  0.100000E+03
  0.290000E+02  0.958333E+00  0.506870E-02  0.128000E+03
  0.310000E+02  0.416667E-01  0.563533E-01  0.192000E+03
  0.310000E+02  0.125000E+00  0.570246E-01  0.104000E+03
  0.310000E+02  0.208333E+00  0.545811E-01  0.132000E+03
  0.310000E+02  0.291667E+00  0.528275E-01  0.164000E+03
  0.310000E+02  0.375000E+00  0.482640E-01  0.112000E+03
  0.310000E+02  0.458333E+00  0.426323E-01  0.136000E+03
  0.310000E+02  0.541667E+00  0.381715E-01  0.144000E+03
  0.310000E+02  0.625000E+00  0.324207E-01  0.104000E+03
  0.310000E+02  0.708333E+00  0.255851E-01  0.144000E+03
  0.310000E+02  0.791667E+00  0.184938E-01  0.120000E+03
  0.310000E+02  0.875000E+00  0.107589E-01  0.132000E+03
  0.310000E+02  0.958333E+00  0.195260E-02  0.136000E+03
  0.330000E+02  0.416667E-01  0.493880E-01  0.208000E+03
  0.330000E+02  0.125000E+00  0.493241E-01  0.120000E+03
  0.330000E+02  0.208333E+00  0.482384E-01  0.220000E+03
  0.330000E+02  0.291667E+00  0.452027E-01  0.116000E+03
  0.330000E+02  0.375000E+00  0.416495E-01  0.164000E+03
  0.330000E+02  0.458333E+00  0.381415E-01  0.168000E+03
  0.330000E+02  0.541667E+00  0.318438E-01  0.144000E+03
  0.330000E+02  0.625000E+00  0.272867E-01  0.180000E+03
  0.330000E+02  0.708333E+00  0.216784E-01  0.128000E+03
  0.330000E+02  0.791667E+00  0.144743E-01  0.180000E+03
  0.330000E+02  0.875000E+00  0.712680E-02  0.156000E+03
  0.330000E+02  0.958333E+00 -0.886700E-03  0.152000E+03
  0.350000E+02  0.416667E-01  0.437914E-01  0.240000E+03
  0.350000E+02  0.125000E+00  0.431850E-01  0.152000E+03
  0.350000E+02  0.208333E+00  0.428207E-01  0.176000E+03
  0.350000E+02  0.291667E+00  0.388849E-01  0.172000E+03
  0.350000E+02  0.375000E+00  0.364963E-01  0.168000E+03
  0.350000E+02  0.458333E+00  0.322147E-01  0.164000E+03
  0.350000E+02  0.541667E+00  0.287052E-01  0.172000E+03
  0.350000E+02  0.625000E+00  0.229276E-01  0.144000E+03
  0.350000E+02  0.708333E+00  0.176959E-01  0.196000E+03
  0.350000E+02  0.791667E+00  0.103435E-01  0.148000E+03
  0.350000E+02  0.875000E+00  0.413101E-02  0.180000E+03
  0.350000E+02  0.958333E+00 -0.230828E-02  0.160000E+03
  0.370000E+02  0.416667E-01  0.390647E-01  0.264000E+03
  0.370000E+02  0.125000E+00  0.387203E-01  0.256000E+03
  0.370000E+02  0.208333E+00  0.374400E-01  0.132000E+03
  0.370000E+02  0.291667E+00  0.347848E-01  0.256000E+03
  0.370000E+02  0.375000E+00  0.313527E-01  0.164000E+03
  0.370000E+02  0.458333E+00  0.286129E-01  0.216000E+03
  0.370000E+02  0.541667E+00  0.242094E-01  0.184000E+03
  0.370000E+02  0.625000E+00  0.204839E-01  0.208000E+03
  0.370000E+02  0.708333E+00  0.142725E-01  0.216000E+03
  0.370000E+02  0.791667E+00  0.858336E-02  0.212000E+03
  0.370000E+02  0.875000E+00  0.184134E-02  0.196000E+03
  0.370000E+02  0.958333E+00 -0.366807E-02  0.204000E+03
  0.390000E+02  0.416667E-01  0.341467E-01  0.224000E+03
  0.390000E+02  0.125000E+00  0.340777E-01  0.264000E+03
  0.390000E+02  0.208333E+00  0.322976E-01  0.180000E+03
  0.390000E+02  0.291667E+00  0.315758E-01  0.192000E+03
  0.390000E+02  0.375000E+00  0.281655E-01  0.256000E+03
  0.390000E+02  0.458333E+00  0.243537E-01  0.176000E+03
  0.390000E+02  0.541667E+00  0.216324E-01  0.216000E+03
  0.390000E+02  0.625000E+00  0.168818E-01  0.248000E+03
  0.390000E+02  0.708333E+00  0.118340E-01  0.176000E+03
  0.390000E+02  0.791667E+00  0.663416E-02  0.208000E+03
  0.390000E+02  0.875000E+00  0.626087E-03  0.216000E+03
  0.390000E+02  0.958333E+00 -0.456187E-02  0.204000E+03
  0.410000E+02  0.416667E-01  0.307506E-01  0.288000E+03
  0.410000E+02  0.125000E+00  0.302902E-01  0.272000E+03
  0.410000E+02  0.208333E+00  0.290561E-01  0.272000E+03
  0.410000E+02  0.291667E+00  0.266443E-01  0.228000E+03
  0.410000E+02  0.375000E+00  0.255130E-01  0.188000E+03
  0.410000E+02  0.458333E+00  0.225883E-01  0.272000E+03
  0.410000E+02  0.541667E+00  0.183875E-01  0.256000E+03
  0.410000E+02  0.625000E+00  0.141325E-01  0.216000E+03
  0.410000E+02  0.708333E+00  0.105213E-01  0.256000E+03
  0.410000E+02  0.791667E+00  0.506202E-02  0.244000E+03
  0.410000E+02  0.875000E+00 -0.634887E-03  0.248000E+03
  0.410000E+02  0.958333E+00 -0.516641E-02  0.236000E+03
  0.430000E+02  0.416667E-01  0.276694E-01  0.280000E+03
  0.430000E+02  0.125000E+00  0.273459E-01  0.264000E+03
  0.430000E+02  0.208333E+00  0.262779E-01  0.288000E+03
  0.430000E+02  0.291667E+00  0.242035E-01  0.272000E+03
  0.430000E+02  0.375000E+00  0.217755E-01  0.296000E+03
  0.430000E+02  0.458333E+00  0.190957E-01  0.216000E+03
  0.430000E+02  0.541667E+00  0.162664E-01  0.228000E+03
  0.430000E+02  0.625000E+00  0.130742E-01  0.228000E+03
  0.430000E+02  0.708333E+00  0.871923E-02  0.272000E+03
  0.430000E+02  0.791667E+00  0.320201E-02  0.268000E+03
  0.430000E+02  0.875000E+00 -0.186529E-02  0.240000E+03
  0.430000E+02  0.958333E+00 -0.543098E-02  0.260000E+03
  0.450000E+02  0.416667E-01  0.244460E-01  0.296000E+03
  0.450000E+02  0.125000E+00  0.243602E-01  0.320000E+03
  0.450000E+02  0.208333E+00  0.240542E-01  0.284000E+03
  0.450000E+02  0.291667E+00  0.223824E-01  0.284000E+03
  0.450000E+02  0.375000E+00  0.199668E-01  0.288000E+03
  0.450000E+02  0.458333E+00  0.174014E-01  0.304000E+03
  0.450000E+02  0.541667E+00  0.139285E-01  0.300000E+03
  0.450000E+02  0.625000E+00  0.105440E-01  0.300000E+03
  0.450000E+02  0.708333E+00  0.629527E-02  0.304000E+03
  0.450000E+02  0.791667E+00  0.214391E-02  0.268000E+03
  0.450000E+02  0.875000E+00 -0.243283E-02  0.276000E+03
  0.450000E+02  0.958333E+00 -0.628469E-02  0.280000E+03
  0.470000E+02  0.416667E-01  0.220445E-01  0.392000E+03
  0.470000E+02  0.125000E+00  0.219758E-01  0.304000E+03
  0.470000E+02  0.208333E+00  0.217289E-01  0.312000E+03
  0.470000E+02  0.291667E+00  0.200208E-01  0.312000E+03
  0.470000E+02  0.375000E+00  0.177969E-01  0.328000E+03
  0.470000E+02  0.458333E+00  0.151801E-01  0.296000E+03
  0.470000E+02  0.541667E+00  0.121576E-01  0.288000E+03
  0.470000E+02  0.625000E+00  0.932786E-02  0.332000E+03
  0.470000E+02  0.708333E+00  0.552082E-02  0.284000E+03
  0.470000E+02  0.791667E+00  0.162525E-02  0.316000E+03
  0.470000E+02  0.875000E+00 -0.268854E-02  0.296000E+03
  0.470000E+02  0.958333E+00 -0.724315E-02  0.320000E+03
  0.490000E+02  0.416667E-01  0.199797E-01  0.504000E+03
  0.490000E+02  0.125000E+00  0.199651E-01  0.296000E+03
  0.490000E+02  0.208333E+00  0.192505E-01  0.340000E+03
  0.490000E+02  0.291667E+00  0.179922E-01  0.320000E+03
  0.490000E+02  0.375000E+00  0.158304E-01  0.308000E+03
  0.490000E+02  0.458333E+00  0.135081E-01  0.328000E+03
  0.490000E+02  0.541667E+00  0.110665E-01  0.340000E+03
  0.490000E+02  0.625000E+00  0.816933E-02  0.328000E+03
  0.490000E+02  0.708333E+00  0.443362E-02  0.360000E+03
  0.490000E+02  0.791667E+00  0.637812E-03  0.332000E+03
  0.490000E+02  0.875000E+00 -0.326575E-02  0.356000E+03
  0.490000E+02  0.958333E+00 -0.741926E-02  0.324000E+03
  0.510000E+02  0.416667E-01  0.177673E-01  0.492000E+03
  0.510000E+02  0.125000E+00  0.177435E-01  0.360000E+03
  0.510000E+02  0.208333E+00  0.173255E-01  0.304000E+03
  0.510000E+02  0.291667E+00  0.162439E-01  0.340000E+03
  0.510000E+02  0.375000E+00  0.141592E-01  0.404000E+03
  0.510000E+02  0.458333E+00  0.117782E-01  0.360000E+03
  0.510000E+02  0.541667E+00  0.946657E-02  0.368000E+03
  0.510000E+02  0.625000E+00  0.697074E-02  0.364000E+03
  0.510000E+02  0.708333E+00  0.350665E-02  0.320000E+03
  0.510000E+02  0.791667E+00  0.112229E-04  0.376000E+03
  0.510000E+02  0.875000E+00 -0.326649E-02  0.360000E+03
  0.510000E+02  0.958333E+00 -0.724159E-02  0.372000E+03
  0.530000E+02  0.416667E-01  0.161051E-01  0.504000E+03
  0.530000E+02  0.125000E+00  0.159258E-01  0.344000E+03
  0.530000E+02  0.208333E+00  0.157649E-01  0.368000E+03
  0.530000E+02  0.291667E+00  0.142722E-01  0.464000E+03
  0.530000E+02  0.375000E+00  0.125829E-01  0.408000E+03
  0.530000E+02  0.458333E+00  0.105378E-01  0.360000E+03
  0.530000E+02  0.541667E+00  0.803007E-02  0.384000E+03
  0.530000E+02  0.625000E+00  0.580740E-02  0.388000E+03
  0.530000E+02  0.708333E+00  0.291306E-02  0.416000E+03
  0.530000E+02  0.791667E+00 -0.487849E-03  0.356000E+03
  0.530000E+02  0.875000E+00 -0.323698E-02  0.408000E+03
  0.530000E+02  0.958333E+00 -0.690815E-02  0.396000E+03
  0.550000E+02  0.416667E-01  0.143079E-01  0.584000E+03
  0.550000E+02  0.125000E+00  0.145395E-01  0.360000E+03
  0.550000E+02  0.208333E+00  0.141477E-01  0.492000E+03
  0.550000E+02  0.291667E+00  0.129492E-01  0.440000E+03
  0.550000E+02  0.375000E+00  0.115291E-01  0.360000E+03
  0.550000E+02  0.458333E+00  0.976591E-02  0.480000E+03
  0.550000E+02  0.541667E+00  0.727489E-02  0.456000E+03
  0.550000E+02  0.625000E+00  0.503864E-02  0.432000E+03
  0.550000E+02  0.708333E+00  0.257821E-02  0.460000E+03
  0.550000E+02  0.791667E+00 -0.470563E-03  0.456000E+03
  0.550000E+02  0.875000E+00 -0.338634E-02  0.428000E+03
  0.550000E+02  0.958333E+00 -0.609798E-02  0.432000E+03
  0.570000E+02  0.416667E-01  0.130397E-01  0.524000E+03
  0.570000E+02  0.125000E+00  0.133778E-01  0.368000E+03
  0.570000E+02  0.208333E+00  0.132096E-01  0.560000E+03
  0.570000E+02  0.291667E+00  0.120517E-01  0.360000E+03
  0.570000E+02  0.375000E+00  0.106118E-01  0.516000E+03
  0.570000E+02  0.458333E+00  0.881531E-02  0.404000E+03
  0.570000E+02  0.541667E+00  0.681879E-02  0.476000E+03
  0.570000E+02  0.625000E+00  0.443950E-02  0.440000E+03
  0.570000E+02  0.708333E+00  0.229160E-02  0.412000E+03
  0.570000E+02  0.791667E+00 -0.758730E-03  0.456000E+03
  0.570000E+02  0.875000E+00 -0.352920E-02  0.428000E+03
  0.570000E+02  0.958333E+00 -0.591377E-02  0.452000E+03
  0.590000E+02  0.416667E-01  0.119549E-01  0.608000E+03
  0.590000E+02  0.125000E+00  0.124847E-01  0.528000E+03
  0.590000E+02  0.208333E+00  0.122324E-01  0.440000E+03
  0.590000E+02  0.291667E+00  0.109461E-01  0.500000E+03
  0.590000E+02  0.375000E+00  0.970068E-02  0.476000E+03
  0.590000E+02  0.458333E+00  0.776802E-02  0.524000E+03
  0.590000E+02  0.541667E+00  0.603589E-02  0.432000E+03
  0.590000E+02  0.625000E+00  0.395502E-02  0.500000E+03
  0.590000E+02  0.708333E+00  0.201935E-02  0.492000E+03
  0.590000E+02  0.791667E+00 -0.108937E-02  0.520000E+03
  0.590000E+02  0.875000E+00 -0.395753E-02  0.468000E+03
  0.590000E+02  0.958333E+00 -0.591201E-02  0.512000E+03
  0.610000E+02  0.416667E-01  0.109646E-01  0.560000E+03
  0.610000E+02  0.125000E+00  0.113629E-01  0.608000E+03
  0.610000E+02  0.208333E+00  0.111703E-01  0.396000E+03
  0.610000E+02  0.291667E+00  0.980712E-02  0.640000E+03
  0.610000E+02  0.375000E+00  0.848342E-02  0.472000E+03
  0.610000E+02  0.458333E+00  0.719115E-02  0.512000E+03
  0.610000E+02  0.541667E+00  0.512798E-02  0.548000E+03
  0.610000E+02  0.625000E+00  0.385508E-02  0.472000E+03
  0.610000E+02  0.708333E+00  0.142281E-02  0.544000E+03
  0.610000E+02  0.791667E+00 -0.179439E-02  0.504000E+03
  0.610000E+02  0.875000E+00 -0.421068E-02  0.520000E+03
  0.610000E+02  0.958333E+00 -0.587500E-02  0.520000E+03
  0.630000E+02  0.416667E-01  0.976715E-02  0.664000E+03
  0.630000E+02  0.125000E+00  0.101880E-01  0.600000E+03
  0.630000E+02  0.208333E+00  0.989231E-02  0.576000E+03
  0.630000E+02  0.291667E+00  0.893042E-02  0.440000E+03
  0.630000E+02  0.375000E+00  0.761870E-02  0.648000E+03
  0.630000E+02  0.458333E+00  0.635000E-02  0.568000E+03
  0.630000E+02  0.541667E+00  0.454676E-02  0.508000E+03
  0.630000E+02  0.625000E+00  0.332859E-02  0.596000E+03
  0.630000E+02  0.708333E+00  0.112801E-02  0.592000E+03
  0.630000E+02  0.791667E+00 -0.167551E-02  0.540000E+03
  0.630000E+02  0.875000E+00 -0.384054E-02  0.556000E+03
  0.630000E+02  0.958333E+00 -0.608761E-02  0.556000E+03
  0.650000E+02  0.416667E-01  0.882140E-02  0.612000E+03
  0.650000E+02  0.125000E+00  0.916090E-02  0.676000E+03
  0.650000E+02  0.208333E+00  0.905124E-02  0.672000E+03
  0.650000E+02  0.291667E+00  0.811611E-02  0.580000E+03
  0.650000E+02  0.375000E+00  0.707630E-02  0.504000E+03
  0.650000E+02  0.458333E+00  0.575825E-02  0.624000E+03
  0.650000E+02  0.541667E+00  0.413906E-02  0.648000E+03
  0.650000E+02  0.625000E+00  0.265326E-02  0.628000E+03
  0.650000E+02  0.708333E+00  0.883939E-03  0.556000E+03
  0.650000E+02  0.791667E+00 -0.160974E-02  0.600000E+03
  0.650000E+02  0.875000E+00 -0.377197E-02  0.604000E+03
  0.650000E+02  0.958333E+00 -0.609399E-02  0.612000E+03
  0.670000E+02  0.416667E-01  0.828505E-02  0.672000E+03
  0.670000E+02  0.125000E+00  0.854201E-02  0.640000E+03
  0.670000E+02  0.208333E+00  0.836588E-02  0.652000E+03
  0.670000E+02  0.291667E+00  0.733317E-02  0.688000E+03
  0.670000E+02  0.375000E+00  0.621515E-02  0.668000E+03
  0.670000E+02  0.458333E+00  0.494206E-02  0.612000E+03
  0.670000E+02  0.541667E+00  0.344312E-02  0.636000E+03
  0.670000E+02  0.625000E+00  0.226029E-02  0.572000E+03
  0.670000E+02  0.708333E+00  0.657082E-03  0.660000E+03
  0.670000E+02  0.791667E+00 -0.170935E-02  0.628000E+03
  0.670000E+02  0.875000E+00 -0.380317E-02  0.660000E+03
  0.670000E+02  0.958333E+00 -0.562480E-02  0.620000E+03
  0.690000E+02  0.416667E-01  0.759807E-02  0.672000E+03
  0.690000E+02  0.125000E+00  0.814777E-02  0.696000E+03
  0.690000E+02  0.208333E+00  0.776396E-02  0.672000E+03
  0.690000E+02  0.291667E+00  0.679601E-02  0.656000E+03
  0.690000E+02  0.375000E+00  0.594219E-02  0.668000E+03
  0.690000E+02  0.458333E+00  0.462043E-02  0.668000E+03
  0.690000E+02  0.541667E+00  0.306614E-02  0.636000E+03
  0.690000E+02  0.625000E+00  0.186516E-02  0.688000E+03
  0.690000E+02  0.708333E+00  0.282694E-03  0.656000E+03
  0.690000E+02  0.791667E+00 -0.180746E-02  0.676000E+03
  0.690000E+02  0.875000E+00 -0.392091E-02  0.652000E+03
  0.690000E+02  0.958333E+00 -0.539999E-02  0.652000E+03
  0.710000E+02  0.416667E-01  0.730546E-02  0.900000E+03
  0.710000E+02  0.125000E+00  0.734627E-02  0.676000E+03
  0.710000E+02  0.208333E+00  0.693296E-02  0.708000E+03
  0.710000E+02  0.291667E+00  0.630146E-02  0.728000E+03
  0.710000E+02  0.375000E+00  0.520073E-02  0.708000E+03
  0.710000E+02  0.458333E+00  0.406279E-02  0.692000E+03
  0.710000E+02  0.541667E+00  0.290356E-02  0.700000E+03
  0.710000E+02  0.625000E+00  0.150538E-02  0.716000E+03
  0.710000E+02  0.708333E+00  0.144767E-03  0.716000E+03
  0.710000E+02  0.791667E+00 -0.212098E-02  0.680000E+03
  0.710000E+02  0.875000E+00 -0.376390E-02  0.700000E+03
  0.710000E+02  0.958333E+00 -0.514845E-02  0.712000E+03
  0.730000E+02  0.416667E-01  0.687530E-02  0.972000E+03
  0.730000E+02  0.125000E+00  0.652757E-02  0.728000E+03
  0.730000E+02  0.208333E+00  0.613266E-02  0.764000E+03
  0.730000E+02  0.291667E+00  0.562085E-02  0.724000E+03
  0.730000E+02  0.375000E+00  0.507032E-02  0.708000E+03
  0.730000E+02  0.458333E+00  0.375427E-02  0.732000E+03
  0.730000E+02  0.541667E+00  0.259134E-02  0.764000E+03
  0.730000E+02  0.625000E+00  0.137081E-02  0.840000E+03
  0.730000E+02  0.708333E+00 -0.561772E-04  0.760000E+03
  0.730000E+02  0.791667E+00 -0.186101E-02  0.768000E+03
  0.730000E+02  0.875000E+00 -0.345456E-02  0.768000E+03
  0.730000E+02  0.958333E+00 -0.514673E-02  0.740000E+03
  0.750000E+02  0.416667E-01  0.631693E-02  0.944000E+03
  0.750000E+02  0.125000E+00  0.586401E-02  0.736000E+03
  0.750000E+02  0.208333E+00  0.554237E-02  0.744000E+03
  0.750000E+02  0.291667E+00  0.503559E-02  0.732000E+03
  0.750000E+02  0.375000E+00  0.483076E-02  0.892000E+03
  0.750000E+02  0.458333E+00  0.324242E-02  0.820000E+03
  0.750000E+02  0.541667E+00  0.192506E-02  0.796000E+03
  0.750000E+02  0.625000E+00  0.131401E-02  0.720000E+03
  0.750000E+02  0.708333E+00 -0.185577E-03  0.768000E+03
  0.750000E+02  0.791667E+00 -0.174123E-02  0.816000E+03
  0.750000E+02  0.875000E+00 -0.320951E-02  0.788000E+03
  0.750000E+02  0.958333E+00 -0.526188E-02  0.776000E+03
  0.770000E+02  0.416667E-01  0.563656E-02  0.104800E+04
  0.770000E+02  0.125000E+00  0.519004E-02  0.756000E+03
  0.770000E+02  0.208333E+00  0.506034E-02  0.740000E+03
  0.770000E+02  0.291667E+00  0.481533E-02  0.102400E+04
  0.770000E+02  0.375000E+00  0.461140E-02  0.748000E+03
  0.770000E+02  0.458333E+00  0.315410E-02  0.776000E+03
  0.770000E+02  0.541667E+00  0.182587E-02  0.844000E+03
  0.770000E+02  0.625000E+00  0.106513E-02  0.848000E+03
  0.770000E+02  0.708333E+00 -0.235384E-03  0.816000E+03
  0.770000E+02  0.791667E+00 -0.168468E-02  0.852000E+03
  0.770000E+02  0.875000E+00 -0.330178E-02  0.820000E+03
  0.770000E+02  0.958333E+00 -0.500977E-02  0.840000E+03
  0.790000E+02  0.416667E-01  0.531734E-02  0.101600E+04
  0.790000E+02  0.125000E+00  0.485585E-02  0.784000E+03
  0.790000E+02  0.208333E+00  0.456411E-02  0.102400E+04
  0.790000E+02  0.291667E+00  0.452550E-02  0.756000E+03
  0.790000E+02  0.375000E+00  0.452286E-02  0.884000E+03
  0.790000E+02  0.458333E+00  0.303921E-02  0.984000E+03
  0.790000E+02  0.541667E+00  0.181483E-02  0.788000E+03
  0.790000E+02  0.625000E+00  0.112972E-02  0.880000E+03
  0.790000E+02  0.708333E+00 -0.230132E-03  0.872000E+03
  0.790000E+02  0.791667E+00 -0.179007E-02  0.852000E+03
  0.790000E+02  0.875000E+00 -0.345334E-02  0.904000E+03
  0.790000E+02  0.958333E+00 -0.462637E-02  0.868000E+03
  0.810000E+02  0.416667E-01  0.511210E-02  0.106400E+04
  0.810000E+02  0.125000E+00  0.458034E-02  0.800000E+03
  0.810000E+02  0.208333E+00  0.439441E-02  0.104400E+04
  0.810000E+02  0.291667E+00  0.428117E-02  0.800000E+03
  0.810000E+02  0.375000E+00  0.431591E-02  0.102000E+04
  0.810000E+02  0.458333E+00  0.304146E-02  0.772000E+03
  0.810000E+02  0.541667E+00  0.186540E-02  0.102000E+04
  0.810000E+02  0.625000E+00  0.966296E-03  0.852000E+03
  0.810000E+02  0.708333E+00 -0.260793E-03  0.980000E+03
  0.810000E+02  0.791667E+00 -0.203733E-02  0.880000E+03
  0.810000E+02  0.875000E+00 -0.337631E-02  0.908000E+03
  0.810000E+02  0.958333E+00 -0.421251E-02  0.916000E+03
  0.830000E+02  0.416667E-01  0.471756E-02  0.106800E+04
  0.830000E+02  0.125000E+00  0.424013E-02  0.108000E+04
  0.830000E+02  0.208333E+00  0.406887E-02  0.868000E+03
  0.830000E+02  0.291667E+00  0.404018E-02  0.105600E+04
  0.830000E+02  0.375000E+00  0.405012E-02  0.816000E+03
  0.830000E+02  0.458333E+00  0.297581E-02  0.110000E+04
  0.830000E+02  0.541667E+00  0.199333E-02  0.856000E+03
  0.830000E+02  0.625000E+00  0.990534E-03  0.106800E+04
  0.830000E+02  0.708333E+00 -0.536919E-03  0.892000E+03
  0.830000E+02  0.791667E+00 -0.215389E-02  0.996000E+03
  0.830000E+02  0.875000E+00 -0.344871E-02  0.960000E+03
  0.830000E+02  0.958333E+00 -0.423349E-02  0.952000E+03
  0.850000E+02  0.416667E-01  0.432295E-02  0.118800E+04
  0.850000E+02  0.125000E+00  0.406756E-02  0.112400E+04
  0.850000E+02  0.208333E+00  0.395824E-02  0.824000E+03
  0.850000E+02  0.291667E+00  0.380984E-02  0.115200E+04
  0.850000E+02  0.375000E+00  0.382554E-02  0.106800E+04
  0.850000E+02  0.458333E+00  0.271901E-02  0.928000E+03
  0.850000E+02  0.541667E+00  0.188805E-02  0.115600E+04
  0.850000E+02  0.625000E+00  0.104533E-02  0.968000E+03
  0.850000E+02  0.708333E+00 -0.359378E-03  0.102400E+04
  0.850000E+02  0.791667E+00 -0.228866E-02  0.107600E+04
  0.850000E+02  0.875000E+00 -0.342022E-02  0.102400E+04
  0.850000E+02  0.958333E+00 -0.397523E-02  0.102800E+04
  0.870000E+02  0.416667E-01  0.404525E-02  0.116400E+04
  0.870000E+02  0.125000E+00  0.387590E-02  0.114800E+04
  0.870000E+02  0.208333E+00  0.398460E-02  0.116400E+04
  0.870000E+02  0.291667E+00  0.374330E-02  0.928000E+03
  0.870000E+02  0.375000E+00  0.349446E-02  0.115600E+04
  0.870000E+02  0.458333E+00  0.250738E-02  0.115600E+04
  0.870000E+02  0.541667E+00  0.165904E-02  0.996000E+03
  0.870000E+02  0.625000E+00  0.103732E-02  0.104800E+04
  0.870000E+02  0.708333E+00 -0.194081E-03  0.113600E+04
  0.870000E+02  0.791667E+00 -0.185880E-02  0.107600E+04
  0.870000E+02  0.875000E+00 -0.332263E-02  0.108000E+04
  0.870000E+02  0.958333E+00 -0.353940E-02  0.108000E+04
  0.890000E+02  0.416667E-01  0.394025E-02  0.112000E+04
  0.890000E+02  0.125000E+00  0.383649E-02  0.116800E+04
  0.890000E+02  0.208333E+00  0.392011E-02  0.116800E+04
  0.890000E+02  0.291667E+00  0.370971E-02  0.114000E+04
  0.890000E+02  0.375000E+00  0.318485E-02  0.964000E+03
  0.890000E+02  0.458333E+00  0.224146E-02  0.102000E+04
  0.890000E+02  0.541667E+00  0.170899E-02  0.113600E+04
  0.890000E+02  0.625000E+00  0.895399E-03  0.112800E+04
  0.890000E+02  0.708333E+00 -0.164959E-03  0.111600E+04
  0.890000E+02  0.791667E+00 -0.161750E-02  0.103200E+04
  0.890000E+02  0.875000E+00 -0.330140E-02  0.108000E+04
  0.890000E+02  0.958333E+00 -0.317456E-02  0.110000E+04
  0.910000E+02  0.416667E-01  0.342773E-02  0.123600E+04
  0.910000E+02  0.125000E+00  0.360653E-02  0.118000E+04
  0.910000E+02  0.208333E+00  0.393244E-02  0.118400E+04
  0.910000E+02  0.291667E+00  0.368159E-02  0.118800E+04
  0.910000E+02  0.375000E+00  0.304612E-02  0.122800E+04
  0.910000E+02  0.458333E+00  0.219642E-02  0.120800E+04
  0.910000E+02  0.541667E+00  0.183409E-02  0.114400E+04
  0.910000E+02  0.625000E+00  0.888425E-03  0.116000E+04
  0.910000E+02  0.708333E+00 -0.140207E-03  0.116400E+04
  0.910000E+02  0.791667E+00 -0.137967E-02  0.117600E+04
  0.910000E+02  0.875000E+00 -0.301844E-02  0.116400E+04
  0.910000E+02  0.958333E+00 -0.292401E-02  0.115200E+04
  0.930000E+02  0.416667E-01  0.324807E-02  0.128400E+04
  0.930000E+02  0.125000E+00  0.343960E-02  0.124400E+04
  0.930000E+02  0.208333E+00  0.390394E-02  0.122400E+04
  0.930000E+02  0.291667E+00  0.372753E-02  0.124400E+04
  0.930000E+02  0.375000E+00  0.294483E-02  0.120800E+04
  0.930000E+02  0.458333E+00  0.234171E-02  0.124800E+04
  0.930000E+02  0.541667E+00  0.173108E-02  0.125600E+04
  0.930000E+02  0.625000E+00  0.109764E-02  0.120800E+04
  0.930000E+02  0.708333E+00 -0.393169E-04  0.122800E+04
  0.930000E+02  0.791667E+00 -0.122148E-02  0.118400E+04
  0.930000E+02  0.875000E+00 -0.258450E-02  0.126000E+04
  0.930000E+02  0.958333E+00 -0.238773E-02  0.124000E+04
  0.950000E+02  0.416667E-01  0.343193E-02  0.157200E+04
  0.950000E+02  0.125000E+00  0.335942E-02  0.123200E+04
  0.950000E+02  0.208333E+00  0.377559E-02  0.127600E+04
  0.950000E+02  0.291667E+00  0.367951E-02  0.119600E+04
  0.950000E+02  0.375000E+00  0.281798E-02  0.128000E+04
  0.950000E+02  0.458333E+00  0.234013E-02  0.125600E+04
  0.950000E+02  0.541667E+00  0.174768E-02  0.121600E+04
  0.950000E+02  0.625000E+00  0.117221E-02  0.126000E+04
  0.950000E+02  0.708333E+00  0.990581E-04  0.128400E+04
  0.950000E+02  0.791667E+00 -0.104137E-02  0.127200E+04
  0.950000E+02  0.875000E+00 -0.230053E-02  0.124400E+04
  0.950000E+02  0.958333E+00 -0.222187E-02  0.127200E+04
  0.970000E+02  0.416667E-01  0.348328E-02  0.158000E+04
  0.970000E+02  0.125000E+00  0.338372E-02  0.128800E+04
  0.970000E+02  0.208333E+00  0.339471E-02  0.124000E+04
  0.970000E+02  0.291667E+00  0.333145E-02  0.134000E+04
  0.970000E+02  0.375000E+00  0.299210E-02  0.125600E+04
  0.970000E+02  0.458333E+00  0.224266E-02  0.130800E+04
  0.970000E+02  0.541667E+00  0.185584E-02  0.132400E+04
  0.970000E+02  0.625000E+00  0.131051E-02  0.137200E+04
  0.970000E+02  0.708333E+00  0.200273E-03  0.127200E+04
  0.970000E+02  0.791667E+00 -0.765098E-03  0.130800E+04
  0.970000E+02  0.875000E+00 -0.216048E-02  0.129200E+04
  0.970000E+02  0.958333E+00 -0.227165E-02  0.133200E+04
  0.990000E+02  0.416667E-01  0.342429E-02  0.170400E+04
  0.990000E+02  0.125000E+00  0.354063E-02  0.127600E+04
  0.990000E+02  0.208333E+00  0.322920E-02  0.133200E+04
  0.990000E+02  0.291667E+00  0.304819E-02  0.135600E+04
  0.990000E+02  0.375000E+00  0.280023E-02  0.154800E+04
  0.990000E+02  0.458333E+00  0.228301E-02  0.138800E+04
  0.990000E+02  0.541667E+00  0.181954E-02  0.136800E+04
  0.990000E+02  0.625000E+00  0.121058E-02  0.137600E+04
  0.990000E+02  0.708333E+00  0.454803E-03  0.149600E+04
  0.990000E+02  0.791667E+00 -0.686565E-03  0.140000E+04
  0.990000E+02  0.875000E+00 -0.207413E-02  0.141200E+04
  0.990000E+02  0.958333E+00 -0.216038E-02  0.136000E+04
  0.101000E+03  0.416667E-01  0.325411E-02  0.161200E+04
  0.101000E+03  0.125000E+00  0.340771E-02  0.133200E+04
  0.101000E+03  0.208333E+00  0.342042E-02  0.140400E+04
  0.101000E+03  0.291667E+00  0.300361E-02  0.160400E+04
  0.101000E+03  0.375000E+00  0.268435E-02  0.125600E+04
  0.101000E+03  0.458333E+00  0.225974E-02  0.138000E+04
  0.101000E+03  0.541667E+00  0.176232E-02  0.152800E+04
  0.101000E+03  0.625000E+00  0.994725E-03  0.140000E+04
  0.101000E+03  0.708333E+00  0.453936E-03  0.132800E+04
  0.101000E+03  0.791667E+00 -0.633192E-03  0.144000E+04
  0.101000E+03  0.875000E+00 -0.176468E-02  0.140800E+04
  0.101000E+03  0.958333E+00 -0.194930E-02  0.142400E+04
  0.103000E+03  0.416667E-01  0.306991E-02  0.173600E+04
  0.103000E+03  0.125000E+00  0.312251E-02  0.137200E+04
  0.103000E+03  0.208333E+00  0.337108E-02  0.168800E+04
  0.103000E+03  0.291667E+00  0.300439E-02  0.135600E+04
  0.103000E+03  0.375000E+00  0.243679E-02  0.158800E+04
  0.103000E+03  0.458333E+00  0.197362E-02  0.153600E+04
  0.103000E+03  0.541667E+00  0.154849E-02  0.138400E+04
  0.103000E+03  0.625000E+00  0.862279E-03  0.153200E+04
  0.103000E+03  0.708333E+00  0.385009E-03  0.154000E+04
  0.103000E+03  0.791667E+00 -0.573765E-03  0.148800E+04
  0.103000E+03  0.875000E+00 -0.153137E-02  0.153600E+04
  0.103000E+03  0.958333E+00 -0.190917E-02  0.149600E+04
  0.105000E+03  0.416667E-01  0.275212E-02  0.174400E+04
  0.105000E+03  0.125000E+00  0.299229E-02  0.146000E+04
  0.105000E+03  0.208333E+00  0.332675E-02  0.163600E+04
  0.105000E+03  0.291667E+00  0.292566E-02  0.148800E+04
  0.105000E+03  0.375000E+00  0.220090E-02  0.158000E+04
  0.105000E+03  0.458333E+00  0.166939E-02  0.148400E+04
  0.105000E+03  0.541667E+00  0.123868E-02  0.158000E+04
  0.105000E+03  0.625000E+00  0.858844E-03  0.149200E+04
  0.105000E+03  0.708333E+00  0.265766E-03  0.156000E+04
  0.105000E+03  0.791667E+00 -0.586573E-03  0.149200E+04
  0.105000E+03  0.875000E+00 -0.147178E-02  0.157600E+04
  0.105000E+03  0.958333E+00 -0.182973E-02  0.153600E+04
  0.107000E+03  0.416667E-01  0.236680E-02  0.172400E+04
  0.107000E+03  0.125000E+00  0.289865E-02  0.174000E+04
  0.107000E+03  0.208333E+00  0.311727E-02  0.139200E+04
  0.107000E+03  0.291667E+00  0.286362E-02  0.176000E+04
  0.107000E+03  0.375000E+00  0.203855E-02  0.147600E+04
  0.107000E+03  0.458333E+00  0.135470E-02  0.169200E+04
  0.107000E+03  0.541667E+00  0.985109E-03  0.157600E+04
  0.107000E+03  0.625000E+00  0.685112E-03  0.158400E+04
  0.107000E+03  0.708333E+00  0.153542E-03  0.159200E+04
  0.107000E+03  0.791667E+00 -0.630066E-03  0.157200E+04
  0.107000E+03  0.875000E+00 -0.151415E-02  0.166000E+04
  0.107000E+03  0.958333E+00 -0.171077E-02  0.156400E+04
  0.109000E+03  0.416667E-01  0.212409E-02  0.177600E+04
  0.109000E+03  0.125000E+00  0.254481E-02  0.183200E+04
  0.109000E+03  0.208333E+00  0.279097E-02  0.154800E+04
  0.109000E+03  0.291667E+00  0.286481E-02  0.168400E+04
  0.109000E+03  0.375000E+00  0.193453E-02  0.176000E+04
  0.109000E+03  0.458333E+00  0.102153E-02  0.153200E+04
  0.109000E+03  0.541667E+00  0.629829E-03  0.174000E+04
  0.109000E+03  0.625000E+00  0.429571E-03  0.174400E+04
  0.109000E+03  0.708333E+00  0.172985E-03  0.166000E+04
  0.109000E+03  0.791667E+00 -0.884163E-03  0.169600E+04
  0.109000E+03  0.875000E+00 -0.153816E-02  0.162800E+04
  0.109000E+03  0.958333E+00 -0.156090E-02  0.168400E+04
  0.111000E+03  0.416667E-01  0.191817E-02  0.185600E+04
  0.111000E+03  0.125000E+00  0.234979E-02  0.182000E+04
  0.111000E+03  0.208333E+00  0.263674E-02  0.183200E+04
  0.111000E+03  0.291667E+00  0.270444E-02  0.161200E+04
  0.111000E+03  0.375000E+00  0.177366E-02  0.171600E+04
  0.111000E+03  0.458333E+00  0.795727E-03  0.186400E+04
  0.111000E+03  0.541667E+00  0.302333E-03  0.173200E+04
  0.111000E+03  0.625000E+00  0.298229E-03  0.160800E+04
  0.111000E+03  0.708333E+00  0.809031E-04  0.168800E+04
  0.111000E+03  0.791667E+00 -0.939711E-03  0.181200E+04
  0.111000E+03  0.875000E+00 -0.158107E-02  0.175600E+04
  0.111000E+03  0.958333E+00 -0.135322E-02  0.172800E+04
  0.113000E+03  0.416667E-01  0.146607E-02  0.191200E+04
  0.113000E+03  0.125000E+00  0.220992E-02  0.185200E+04
  0.113000E+03  0.208333E+00  0.238769E-02  0.191200E+04
  0.113000E+03  0.291667E+00  0.243546E-02  0.188400E+04
  0.113000E+03  0.375000E+00  0.154517E-02  0.175200E+04
  0.113000E+03  0.458333E+00  0.552043E-03  0.172000E+04
  0.113000E+03  0.541667E+00  0.276994E-03  0.177200E+04
  0.113000E+03  0.625000E+00  0.662401E-04  0.184000E+04
  0.113000E+03  0.708333E+00 -0.129673E-03  0.195600E+04
  0.113000E+03  0.791667E+00 -0.118847E-02  0.174400E+04
  0.113000E+03  0.875000E+00 -0.173709E-02  0.179200E+04
  0.113000E+03  0.958333E+00 -0.115281E-02  0.182400E+04
  0.115000E+03  0.416667E-01  0.130910E-02  0.178800E+04
  0.115000E+03  0.125000E+00  0.198991E-02  0.192000E+04
  0.115000E+03  0.208333E+00  0.181607E-02  0.184000E+04
  0.115000E+03  0.291667E+00  0.231914E-02  0.185200E+04
  0.115000E+03  0.375000E+00  0.144180E-02  0.189600E+04
  0.115000E+03  0.458333E+00  0.642822E-03  0.188000E+04
  0.115000E+03  0.541667E+00  0.295177E-03  0.188800E+04
  0.115000E+03  0.625000E+00 -0.104074E-03  0.183200E+04
  0.115000E+03  0.708333E+00 -0.237649E-03  0.173600E+04
  0.115000E+03  0.791667E+00 -0.111371E-02  0.180800E+04
  0.115000E+03  0.875000E+00 -0.191176E-02  0.181600E+04
  0.115000E+03  0.958333E+00 -0.121139E-02  0.184800E+04
  0.117000E+03  0.416667E-01  0.117702E-02  0.217200E+04
  0.117000E+03  0.125000E+00  0.184329E-02  0.189200E+04
  0.117000E+03  0.208333E+00  0.136685E-02  0.192400E+04
  0.117000E+03  0.291667E+00  0.204852E-02  0.197200E+04
  0.117000E+03  0.375000E+00  0.145543E-02  0.190400E+04
  0.117000E+03  0.458333E+00  0.742125E-03  0.192800E+04
  0.117000E+03  0.541667E+00  0.183865E-03  0.194800E+04
  0.117000E+03  0.625000E+00 -0.295700E-03  0.194000E+04
  0.117000E+03  0.708333E+00 -0.426864E-03  0.206000E+04
  0.117000E+03  0.791667E+00 -0.109021E-02  0.190000E+04
  0.117000E+03  0.875000E+00 -0.189703E-02  0.194000E+04
  0.117000E+03  0.958333E+00 -0.133865E-02  0.190800E+04
  0.119000E+03  0.416667E-01  0.121266E-02  0.236800E+04
  0.119000E+03  0.125000E+00  0.157418E-02  0.197600E+04
  0.119000E+03  0.208333E+00  0.120794E-02  0.202800E+04
  0.119000E+03  0.291667E+00  0.172894E-02  0.196000E+04
  0.119000E+03  0.375000E+00  0.129209E-02  0.200000E+04
  0.119000E+03  0.458333E+00  0.685554E-03  0.200400E+04
  0.119000E+03  0.541667E+00  0.420608E-04  0.196000E+04
  0.119000E+03  0.625000E+00 -0.425277E-03  0.197200E+04
  0.119000E+03  0.708333E+00 -0.577896E-03  0.191200E+04
  0.119000E+03  0.791667E+00 -0.120576E-02  0.210800E+04
  0.119000E+03  0.875000E+00 -0.181141E-02  0.200400E+04
  0.119000E+03  0.958333E+00 -0.159901E-02  0.204400E+04
  0.121000E+03  0.416667E-01  0.121073E-02  0.240000E+04
  0.121000E+03  0.125000E+00  0.140437E-02  0.194800E+04
  0.121000E+03  0.208333E+00  0.104295E-02  0.194800E+04
  0.121000E+03  0.291667E+00  0.150675E-02  0.197200E+04
  0.121000E+03  0.375000E+00  0.110137E-02  0.196400E+04
  0.121000E+03  0.458333E+00  0.508550E-03  0.214800E+04
  0.121000E+03  0.541667E+00 -0.462604E-04  0.207200E+04
  0.121000E+03  0.625000E+00 -0.448974E-03  0.200800E+04
  0.121000E+03  0.708333E+00 -0.867688E-03  0.208400E+04
  0.121000E+03  0.791667E+00 -0.139340E-02  0.196000E+04
  0.121000E+03  0.875000E+00 -0.177196E-02  0.206400E+04
  0.121000E+03  0.958333E+00 -0.173685E-02  0.201600E+04
  0.123000E+03  0.416667E-01  0.133540E-02  0.236000E+04
  0.123000E+03  0.125000E+00  0.143437E-02  0.208800E+04
  0.123000E+03  0.208333E+00  0.947667E-03  0.202400E+04
  0.123000E+03  0.291667E+00  0.125610E-02  0.226800E+04
  0.123000E+03  0.375000E+00  0.715590E-03  0.228800E+04
  0.123000E+03  0.458333E+00  0.405461E-03  0.201200E+04
  0.123000E+03  0.541667E+00 -0.138078E-03  0.204000E+04
  0.123000E+03  0.625000E+00 -0.576696E-03  0.225600E+04
  0.123000E+03  0.708333E+00 -0.110880E-02  0.208400E+04
  0.123000E+03  0.791667E+00 -0.141519E-02  0.218400E+04
  0.123000E+03  0.875000E+00 -0.179222E-02  0.208400E+04
  0.123000E+03  0.958333E+00 -0.199087E-02  0.216800E+04
  0.125000E+03  0.416667E-01  0.138243E-02  0.249600E+04
  0.125000E+03  0.125000E+00  0.145827E-02  0.202800E+04
  0.125000E+03  0.208333E+00  0.873969E-03  0.229600E+04
  0.125000E+03  0.291667E+00  0.117037E-02  0.218000E+04
  0.125000E+03  0.375000E+00  0.675851E-03  0.204000E+04
  0.125000E+03  0.458333E+00  0.266061E-03  0.222800E+04
  0.125000E+03  0.541667E+00 -0.184143E-03  0.227600E+04
  0.125000E+03  0.625000E+00 -0.714508E-03  0.204800E+04
  0.125000E+03  0.708333E+00 -0.100793E-02  0.229600E+04
  0.125000E+03  0.791667E+00 -0.145102E-02  0.213600E+04
  0.125000E+03  0.875000E+00 -0.173544E-02  0.219600E+04
  0.125000E+03  0.958333E+00 -0.204997E-02  0.216000E+04
  0.127000E+03  0.416667E-01  0.133951E-02  0.255200E+04
  0.127000E+03  0.125000E+00  0.134222E-02  0.209200E+04
  0.127000E+03  0.208333E+00  0.743503E-03  0.249600E+04
  0.127000E+03  0.291667E+00  0.120063E-02  0.215200E+04
  0.127000E+03  0.375000E+00  0.467473E-03  0.240400E+04
  0.127000E+03  0.458333E+00  0.796500E-04  0.227200E+04
  0.127000E+03  0.541667E+00 -0.195007E-03  0.228400E+04
  0.127000E+03  0.625000E+00 -0.811900E-03  0.237600E+04
  0.127000E+03  0.708333E+00 -0.109117E-02  0.214800E+04
  0.127000E+03  0.791667E+00 -0.156694E-02  0.236400E+04
  0.127000E+03  0.875000E+00 -0.162700E-02  0.225600E+04
  0.127000E+03  0.958333E+00 -0.205952E-02  0.230400E+04
  0.129000E+03  0.416667E-01  0.122032E-02  0.251200E+04
  0.129000E+03  0.125000E+00  0.110108E-02  0.240800E+04
  0.129000E+03  0.208333E+00  0.606180E-03  0.234800E+04
  0.129000E+03  0.291667E+00  0.979352E-03  0.235600E+04
  0.129000E+03  0.375000E+00  0.399401E-03  0.232800E+04
  0.129000E+03  0.458333E+00 -0.575100E-04  0.233600E+04
  0.129000E+03  0.541667E+00 -0.239924E-03  0.231600E+04
  0.129000E+03  0.625000E+00 -0.797179E-03  0.234400E+04
  0.129000E+03  0.708333E+00 -0.103418E-02  0.236000E+04
  0.129000E+03  0.791667E+00 -0.169013E-02  0.234800E+04
  0.129000E+03  0.875000E+00 -0.162781E-02  0.228800E+04
  0.129000E+03  0.958333E+00 -0.206712E-02  0.240000E+04
  0.131000E+03  0.416667E-01  0.974522E-03  0.256800E+04
  0.131000E+03  0.125000E+00  0.780572E-03  0.252000E+04
  0.131000E+03  0.208333E+00  0.560589E-03  0.214400E+04
  0.131000E+03  0.291667E+00  0.787738E-03  0.256400E+04
  0.131000E+03  0.375000E+00  0.430486E-03  0.228000E+04
  0.131000E+03  0.458333E+00 -0.122646E-03  0.244400E+04
  0.131000E+03  0.541667E+00 -0.293240E-03  0.238800E+04
  0.131000E+03  0.625000E+00 -0.808925E-03  0.226400E+04
  0.131000E+03  0.708333E+00 -0.111832E-02  0.249600E+04
  0.131000E+03  0.791667E+00 -0.174333E-02  0.234800E+04
  0.131000E+03  0.875000E+00 -0.164654E-02  0.243200E+04
  0.131000E+03  0.958333E+00 -0.216514E-02  0.234400E+04
  0.133000E+03  0.416667E-01  0.978103E-03  0.262400E+04
  0.133000E+03  0.125000E+00  0.598068E-03  0.266800E+04
  0.133000E+03  0.208333E+00  0.380499E-03  0.244400E+04
  0.133000E+03  0.291667E+00  0.599239E-03  0.236000E+04
  0.133000E+03  0.375000E+00  0.310202E-03  0.264000E+04
  0.133000E+03  0.458333E+00 -0.248476E-03  0.246000E+04
  0.133000E+03  0.541667E+00 -0.451753E-03  0.242000E+04
  0.133000E+03  0.625000E+00 -0.935236E-03  0.265600E+04
  0.133000E+03  0.708333E+00 -0.111543E-02  0.232400E+04
  0.133000E+03  0.791667E+00 -0.167932E-02  0.246400E+04
  0.133000E+03  0.875000E+00 -0.175960E-02  0.255200E+04
  0.133000E+03  0.958333E+00 -0.238632E-02  0.248800E+04
  0.135000E+03  0.416667E-01  0.111357E-02  0.264800E+04
  0.135000E+03  0.125000E+00  0.561252E-03  0.265200E+04
  0.135000E+03  0.208333E+00  0.218532E-03  0.260800E+04
  0.135000E+03  0.291667E+00  0.648513E-03  0.243200E+04
  0.135000E+03  0.375000E+00  0.238637E-03  0.238000E+04
  0.135000E+03  0.458333E+00 -0.282444E-03  0.262800E+04
  0.135000E+03  0.541667E+00 -0.405391E-03  0.265600E+04
  0.135000E+03  0.625000E+00 -0.918742E-03  0.243200E+04
  0.135000E+03  0.708333E+00 -0.120418E-02  0.264000E+04
  0.135000E+03  0.791667E+00 -0.157677E-02  0.248400E+04
  0.135000E+03  0.875000E+00 -0.179667E-02  0.253600E+04
  0.135000E+03  0.958333E+00 -0.255662E-02  0.252400E+04
  0.137000E+03  0.416667E-01  0.984179E-03  0.268000E+04
  0.137000E+03  0.125000E+00  0.446396E-03  0.270800E+04
  0.137000E+03  0.208333E+00  0.178151E-03  0.272400E+04
  0.137000E+03  0.291667E+00  0.653461E-03  0.280800E+04
  0.137000E+03  0.375000E+00  0.280488E-03  0.268400E+04
  0.137000E+03  0.458333E+00 -0.387043E-03  0.251600E+04
  0.137000E+03  0.541667E+00 -0.453598E-03  0.261200E+04
  0.137000E+03  0.625000E+00 -0.874777E-03  0.262400E+04
  0.137000E+03  0.708333E+00 -0.121599E-02  0.256800E+04
  0.137000E+03  0.791667E+00 -0.163880E-02  0.275200E+04
  0.137000E+03  0.875000E+00 -0.171914E-02  0.260000E+04
  0.137000E+03  0.958333E+00 -0.279608E-02  0.266800E+04
  0.139000E+03  0.416667E-01  0.797174E-03  0.283200E+04
  0.139000E+03  0.125000E+00  0.417418E-03  0.276000E+04
  0.139000E+03  0.208333E+00 -0.105315E-04  0.280800E+04
  0.139000E+03  0.291667E+00  0.551745E-03  0.270800E+04
  0.139000E+03  0.375000E+00  0.310618E-03  0.281200E+04
  0.139000E+03  0.458333E+00 -0.415589E-03  0.283200E+04
  0.139000E+03  0.541667E+00 -0.517532E-03  0.272800E+04
  0.139000E+03  0.625000E+00 -0.979682E-03  0.275200E+04
  0.139000E+03  0.708333E+00 -0.116226E-02  0.287200E+04
  0.139000E+03  0.791667E+00 -0.159584E-02  0.267600E+04
  0.139000E+03  0.875000E+00 -0.172581E-02  0.279600E+04
  0.139000E+03  0.958333E+00 -0.291860E-02  0.272000E+04
  0.141000E+03  0.416667E-01  0.773360E-03  0.307200E+04
  0.141000E+03  0.125000E+00  0.344758E-03  0.284000E+04
  0.141000E+03  0.208333E+00 -0.720997E-04  0.272400E+04
  0.141000E+03  0.291667E+00  0.426788E-03  0.280400E+04
  0.141000E+03  0.375000E+00  0.325717E-03  0.273200E+04
  0.141000E+03  0.458333E+00 -0.371711E-03  0.274800E+04
  0.141000E+03  0.541667E+00 -0.468352E-03  0.274800E+04
  0.141000E+03  0.625000E+00 -0.833196E-03  0.280400E+04
  0.141000E+03  0.708333E+00 -0.105961E-02  0.268000E+04
  0.141000E+03  0.791667E+00 -0.140464E-02  0.280800E+04
  0.141000E+03  0.875000E+00 -0.175056E-02  0.274000E+04
  0.141000E+03  0.958333E+00 -0.289506E-02  0.277600E+04
  0.143000E+03  0.416667E-01  0.843371E-03  0.326800E+04
  0.143000E+03  0.125000E+00  0.318220E-03  0.279600E+04
  0.143000E+03  0.208333E+00 -0.111999E-04  0.284400E+04
  0.143000E+03  0.291667E+00  0.362259E-03  0.285600E+04
  0.143000E+03  0.375000E+00  0.317636E-03  0.284800E+04
  0.143000E+03  0.458333E+00 -0.349771E-03  0.282400E+04
  0.143000E+03  0.541667E+00 -0.362171E-03  0.286800E+04
  0.143000E+03  0.625000E+00 -0.706261E-03  0.289600E+04
  0.143000E+03  0.708333E+00 -0.103179E-02  0.301600E+04
  0.143000E+03  0.791667E+00 -0.129876E-02  0.285600E+04
  0.143000E+03  0.875000E+00 -0.181608E-02  0.284800E+04
  0.143000E+03  0.958333E+00 -0.281305E-02  0.289600E+04
  0.145000E+03  0.416667E-01  0.668752E-03  0.336800E+04
  0.145000E+03  0.125000E+00  0.354315E-03  0.284000E+04
  0.145000E+03  0.208333E+00  0.165377E-04  0.286800E+04
  0.145000E+03  0.291667E+00  0.378860E-03  0.285600E+04
  0.145000E+03  0.375000E+00  0.357646E-03  0.300000E+04
  0.145000E+03  0.458333E+00 -0.263668E-03  0.302800E+04
  0.145000E+03  0.541667E+00 -0.304797E-03  0.305200E+04
  0.145000E+03  0.625000E+00 -0.717818E-03  0.291200E+04
  0.145000E+03  0.708333E+00 -0.781214E-03  0.286800E+04
  0.145000E+03  0.791667E+00 -0.128925E-02  0.298000E+04
  0.145000E+03  0.875000E+00 -0.180252E-02  0.299200E+04
  0.145000E+03  0.958333E+00 -0.268932E-02  0.292800E+04
  0.147000E+03  0.416667E-01  0.443305E-03  0.340800E+04
  0.147000E+03  0.125000E+00  0.538740E-03  0.296400E+04
  0.147000E+03  0.208333E+00  0.175623E-03  0.296400E+04
  0.147000E+03  0.291667E+00  0.283777E-03  0.334000E+04
  0.147000E+03  0.375000E+00  0.153862E-03  0.305600E+04
  0.147000E+03  0.458333E+00 -0.234037E-03  0.298400E+04
  0.147000E+03  0.541667E+00 -0.347668E-03  0.312000E+04
  0.147000E+03  0.625000E+00 -0.531185E-03  0.310000E+04
  0.147000E+03  0.708333E+00 -0.661089E-03  0.305600E+04
  0.147000E+03  0.791667E+00 -0.128742E-02  0.303200E+04
  0.147000E+03  0.875000E+00 -0.185330E-02  0.312800E+04
  0.147000E+03  0.958333E+00 -0.265035E-02  0.308000E+04
  0.149000E+03  0.416667E-01  0.498669E-03  0.342400E+04
  0.149000E+03  0.125000E+00  0.557115E-03  0.288800E+04
  0.149000E+03  0.208333E+00  0.278518E-03  0.328400E+04
  0.149000E+03  0.291667E+00  0.344815E-03  0.301600E+04
  0.149000E+03  0.375000E+00  0.154772E-03  0.294400E+04
  0.149000E+03  0.458333E+00 -0.271665E-03  0.324400E+04
  0.149000E+03  0.541667E+00 -0.406107E-03  0.299600E+04
  0.149000E+03  0.625000E+00 -0.404365E-03  0.305600E+04
  0.149000E+03  0.708333E+00 -0.391033E-03  0.316000E+04
  0.149000E+03  0.791667E+00 -0.129693E-02  0.304400E+04
  0.149000E+03  0.875000E+00 -0.185749E-02  0.309600E+04
  0.149000E+03  0.958333E+00 -0.253056E-02  0.310400E+04
  0.151000E+03  0.416667E-01  0.563605E-03  0.334400E+04
  0.151000E+03  0.125000E+00  0.508747E-03  0.301600E+04
  0.151000E+03  0.208333E+00  0.154695E-03  0.348800E+04
  0.151000E+03  0.291667E+00  0.445504E-03  0.296400E+04
  0.151000E+03  0.375000E+00  0.202312E-03  0.343600E+04
  0.151000E+03  0.458333E+00 -0.250276E-03  0.296000E+04
  0.151000E+03  0.541667E+00 -0.449272E-03  0.331600E+04
  0.151000E+03  0.625000E+00 -0.376917E-03  0.316000E+04
  0.151000E+03  0.708333E+00 -0.323717E-03  0.310000E+04
  0.151000E+03  0.791667E+00 -0.119820E-02  0.322000E+04
  0.151000E+03  0.875000E+00 -0.172125E-02  0.316400E+04
  0.151000E+03  0.958333E+00 -0.246625E-02  0.317600E+04
  0.153000E+03  0.416667E-01  0.715704E-03  0.366000E+04
  0.153000E+03  0.125000E+00  0.392817E-03  0.342800E+04
  0.153000E+03  0.208333E+00  0.283267E-03  0.304400E+04
  0.153000E+03  0.291667E+00  0.359646E-03  0.345600E+04
  0.153000E+03  0.375000E+00  0.122764E-03  0.311600E+04
  0.153000E+03  0.458333E+00 -0.290245E-03  0.347200E+04
  0.153000E+03  0.541667E+00 -0.471308E-03  0.310000E+04
  0.153000E+03  0.625000E+00 -0.453765E-03  0.346800E+04
  0.153000E+03  0.708333E+00 -0.485116E-03  0.332400E+04
  0.153000E+03  0.791667E+00 -0.107250E-02  0.332000E+04
  0.153000E+03  0.875000E+00 -0.153507E-02  0.329200E+04
  0.153000E+03  0.958333E+00 -0.217242E-02  0.329600E+04
  0.155000E+03  0.416667E-01  0.714530E-03  0.351200E+04
  0.155000E+03  0.125000E+00  0.140657E-03  0.360800E+04
  0.155000E+03  0.208333E+00  0.396750E-03  0.308000E+04
  0.155000E+03  0.291667E+00  0.402886E-03  0.355600E+04
  0.155000E+03  0.375000E+00 -0.267090E-04  0.349600E+04
  0.155000E+03  0.458333E+00 -0.156393E-03  0.320800E+04
  0.155000E+03  0.541667E+00 -0.418295E-03  0.358400E+04
  0.155000E+03  0.625000E+00 -0.297521E-03  0.325200E+04
  0.155000E+03  0.708333E+00 -0.606228E-03  0.328800E+04
  0.155000E+03  0.791667E+00 -0.971461E-03  0.346400E+04
  0.155000E+03  0.875000E+00 -0.134898E-02  0.334400E+04
  0.155000E+03  0.958333E+00 -0.193716E-02  0.340000E+04
  0.157000E+03  0.416667E-01  0.634197E-03  0.363200E+04
  0.157000E+03  0.125000E+00  0.191231E-03  0.356400E+04
  0.157000E+03  0.208333E+00  0.278510E-03  0.355200E+04
  0.157000E+03  0.291667E+00  0.370158E-03  0.322000E+04
  0.157000E+03  0.375000E+00 -0.793429E-04  0.356000E+04
  0.157000E+03  0.458333E+00 -0.701570E-04  0.352800E+04
  0.157000E+03  0.541667E+00 -0.351616E-03  0.331600E+04
  0.157000E+03  0.625000E+00 -0.237628E-03  0.339600E+04
  0.157000E+03  0.708333E+00 -0.671274E-03  0.372400E+04
  0.157000E+03  0.791667E+00 -0.909605E-03  0.336000E+04
  0.157000E+03  0.875000E+00 -0.119906E-02  0.343200E+04
  0.157000E+03  0.958333E+00 -0.187729E-02  0.344400E+04
  0.159000E+03  0.416667E-01  0.628787E-03  0.360400E+04
  0.159000E+03  0.125000E+00  0.331300E-03  0.376000E+04
  0.159000E+03  0.208333E+00  0.171972E-03  0.371200E+04
  0.159000E+03  0.291667E+00  0.245121E-03  0.358800E+04
  0.159000E+03  0.375000E+00 -0.292856E-04  0.340000E+04
  0.159000E+03  0.458333E+00 -0.813447E-04  0.355200E+04
  0.159000E+03  0.541667E+00 -0.433148E-03  0.368000E+04
  0.159000E+03  0.625000E+00 -0.198726E-03  0.366000E+04
  0.159000E+03  0.708333E+00 -0.719305E-03  0.336400E+04
  0.159000E+03  0.791667E+00 -0.880129E-03  0.358800E+04
  0.159000E+03  0.875000E+00 -0.107720E-02  0.359600E+04
  0.159000E+03  0.958333E+00 -0.175318E-02  0.359200E+04
  0.161000E+03  0.416667E-01  0.408694E-03  0.374400E+04
  0.161000E+03  0.125000E+00  0.404217E-03  0.365200E+04
  0.161000E+03  0.208333E+00  0.286455E-03  0.362400E+04
  0.161000E+03  0.291667E+00  0.300607E-03  0.367600E+04
  0.161000E+03  0.375000E+00 -0.885904E-04  0.367200E+04
  0.161000E+03  0.458333E+00 -0.156078E-03  0.362400E+04
  0.161000E+03  0.541667E+00 -0.441797E-03  0.355600E+04
  0.161000E+03  0.625000E+00 -0.151167E-03  0.351600E+04
  0.161000E+03  0.708333E+00 -0.766184E-03  0.370800E+04
  0.161000E+03  0.791667E+00 -0.981440E-03  0.359200E+04
  0.161000E+03  0.875000E+00 -0.975376E-03  0.358800E+04
  0.161000E+03  0.958333E+00 -0.150116E-02  0.362000E+04
  0.163000E+03  0.416667E-01  0.816050E-04  0.377600E+04
  0.163000E+03  0.125000E+00  0.195222E-03  0.378800E+04
  0.163000E+03  0.208333E+00  0.476536E-03  0.381200E+04
  0.163000E+03  0.291667E+00  0.302183E-03  0.380000E+04
  0.163000E+03  0.375000E+00 -0.196260E-03  0.382000E+04
  0.163000E+03  0.458333E+00 -0.222391E-03  0.384000E+04
  0.163000E+03  0.541667E+00 -0.316674E-03  0.376800E+04
  0.163000E+03  0.625000E+00 -0.132630E-03  0.382800E+04
  0.163000E+03  0.708333E+00 -0.710551E-03  0.369200E+04
  0.163000E+03  0.791667E+00 -0.891615E-03  0.382000E+04
  0.163000E+03  0.875000E+00 -0.950077E-03  0.381600E+04
  0.163000E+03  0.958333E+00 -0.133638E-02  0.378000E+04
  0.165000E+03  0.416667E-01  0.188201E-04  0.422000E+04
  0.165000E+03  0.125000E+00  0.100685E-03  0.378400E+04
  0.165000E+03  0.208333E+00  0.505311E-03  0.380400E+04
  0.165000E+03  0.291667E+00  0.175408E-03  0.374000E+04
  0.165000E+03  0.375000E+00 -0.220888E-03  0.376000E+04
  0.165000E+03  0.458333E+00 -0.229599E-03  0.371600E+04
  0.165000E+03  0.541667E+00 -0.269125E-03  0.374800E+04
  0.165000E+03  0.625000E+00 -0.149365E-03  0.374400E+04
  0.165000E+03  0.708333E+00 -0.585318E-03  0.380400E+04
  0.165000E+03  0.791667E+00 -0.900411E-03  0.371600E+04
  0.165000E+03  0.875000E+00 -0.856702E-03  0.373200E+04
  0.165000E+03  0.958333E+00 -0.125009E-02  0.377600E+04
  0.167000E+03  0.416667E-01  0.460081E-04  0.451600E+04
  0.167000E+03  0.125000E+00  0.684640E-04  0.388400E+04
  0.167000E+03  0.208333E+00  0.562752E-03  0.384400E+04
  0.167000E+03  0.291667E+00  0.124096E-03  0.389600E+04
  0.167000E+03  0.375000E+00 -0.977940E-04  0.384800E+04
  0.167000E+03  0.458333E+00 -0.272893E-03  0.394000E+04
  0.167000E+03  0.541667E+00 -0.201114E-03  0.398800E+04
  0.167000E+03  0.625000E+00 -0.165608E-03  0.403600E+04
  0.167000E+03  0.708333E+00 -0.588389E-03  0.394800E+04
  0.167000E+03  0.791667E+00 -0.786161E-03  0.399600E+04
  0.167000E+03  0.875000E+00 -0.821373E-03  0.400400E+04
  0.167000E+03  0.958333E+00 -0.126424E-02  0.389600E+04
  0.169000E+03  0.416667E-01 -0.591605E-04  0.438800E+04
  0.169000E+03  0.125000E+00  0.120442E-03  0.387600E+04
  0.169000E+03  0.208333E+00  0.556607E-03  0.386000E+04
  0.169000E+03  0.291667E+00  0.201019E-03  0.394400E+04
  0.169000E+03  0.375000E+00 -0.198950E-03  0.422800E+04
  0.169000E+03  0.458333E+00 -0.278113E-03  0.404400E+04
  0.169000E+03  0.541667E+00 -0.134607E-03  0.398400E+04
  0.169000E+03  0.625000E+00 -0.219229E-03  0.387200E+04
  0.169000E+03  0.708333E+00 -0.621895E-03  0.399200E+04
  0.169000E+03  0.791667E+00 -0.687795E-03  0.407600E+04
  0.169000E+03  0.875000E+00 -0.842089E-03  0.394000E+04
  0.169000E+03  0.958333E+00 -0.122999E-02  0.401600E+04
  0.171000E+03  0.416667E-01 -0.112891E-03  0.458000E+04
  0.171000E+03  0.125000E+00  0.173946E-03  0.398000E+04
  0.171000E+03  0.208333E+00  0.492831E-03  0.401600E+04
  0.171000E+03  0.291667E+00  0.133537E-03  0.448400E+04
  0.171000E+03  0.375000E+00 -0.182943E-03  0.400800E+04
  0.171000E+03  0.458333E+00 -0.246764E-03  0.399600E+04
  0.171000E+03  0.541667E+00 -0.572226E-04  0.433200E+04
  0.171000E+03  0.625000E+00 -0.340460E-03  0.417200E+04
  0.171000E+03  0.708333E+00 -0.695789E-03  0.408000E+04
  0.171000E+03  0.791667E+00 -0.708038E-03  0.418400E+04
  0.171000E+03  0.875000E+00 -0.865758E-03  0.418000E+04
  0.171000E+03  0.958333E+00 -0.105776E-02  0.412800E+04
  0.173000E+03  0.416667E-01 -0.203074E-03  0.447200E+04
  0.173000E+03  0.125000E+00 -0.493964E-04  0.394800E+04
  0.173000E+03  0.208333E+00  0.537760E-03  0.446800E+04
  0.173000E+03  0.291667E+00  0.159513E-03  0.399200E+04
  0.173000E+03  0.375000E+00 -0.923319E-04  0.406000E+04
  0.173000E+03  0.458333E+00 -0.213244E-03  0.437200E+04
  0.173000E+03  0.541667E+00 -0.179166E-03  0.389200E+04
  0.173000E+03  0.625000E+00 -0.397414E-03  0.433200E+04
  0.173000E+03  0.708333E+00 -0.665329E-03  0.407200E+04
  0.173000E+03  0.791667E+00 -0.740876E-03  0.410800E+04
  0.173000E+03  0.875000E+00 -0.863447E-03  0.420800E+04
  0.173000E+03  0.958333E+00 -0.911269E-03  0.412000E+04
  0.175000E+03  0.416667E-01 -0.561544E-04  0.475600E+04
  0.175000E+03  0.125000E+00  0.117111E-04  0.407200E+04
  0.175000E+03  0.208333E+00  0.569229E-03  0.463600E+04
  0.175000E+03  0.291667E+00  0.131936E-03  0.406800E+04
  0.175000E+03  0.375000E+00  0.399423E-04  0.460800E+04
  0.175000E+03  0.458333E+00 -0.134010E-03  0.412800E+04
  0.175000E+03  0.541667E+00 -0.269607E-03  0.454000E+04
  0.175000E+03  0.625000E+00 -0.284354E-03  0.412000E+04
  0.175000E+03  0.708333E+00 -0.589724E-03  0.458800E+04
  0.175000E+03  0.791667E+00 -0.642020E-03  0.420800E+04
  0.175000E+03  0.875000E+00 -0.979973E-03  0.442000E+04
  0.175000E+03  0.958333E+00 -0.869954E-03  0.432400E+04
  0.177000E+03  0.416667E-01 -0.278837E-04  0.459200E+04
  0.177000E+03  0.125000E+00 -0.867532E-05  0.467600E+04
  0.177000E+03  0.208333E+00  0.442753E-03  0.404400E+04
  0.177000E+03  0.291667E+00  0.591300E-04  0.467600E+04
  0.177000E+03  0.375000E+00  0.108060E-03  0.398400E+04
  0.177000E+03  0.458333E+00 -0.127185E-03  0.461200E+04
  0.177000E+03  0.541667E+00 -0.107340E-03  0.421200E+04
  0.177000E+03  0.625000E+00 -0.239019E-03  0.451600E+04
  0.177000E+03  0.708333E+00 -0.719224E-03  0.422800E+04
  0.177000E+03  0.791667E+00 -0.589060E-03  0.437600E+04
  0.177000E+03  0.875000E+00 -0.998302E-03  0.435600E+04
  0.177000E+03  0.958333E+00 -0.783238E-03  0.440000E+04
  0.179000E+03  0.416667E-01  0.301819E-04  0.476000E+04
  0.179000E+03  0.125000E+00  0.645235E-04  0.475600E+04
  0.179000E+03  0.208333E+00  0.361533E-03  0.422800E+04
  0.179000E+03  0.291667E+00  0.103010E-03  0.467600E+04
  0.179000E+03  0.375000E+00  0.762638E-04  0.473200E+04
  0.179000E+03  0.458333E+00 -0.130098E-03  0.428400E+04
  0.179000E+03  0.541667E+00 -0.257495E-04  0.471200E+04
  0.179000E+03  0.625000E+00 -0.218660E-03  0.447200E+04
  0.179000E+03  0.708333E+00 -0.817938E-03  0.458400E+04
  0.179000E+03  0.791667E+00 -0.501351E-03  0.457600E+04
  0.179000E+03  0.875000E+00 -0.101452E-02  0.453600E+04
  0.179000E+03  0.958333E+00 -0.711211E-03  0.451600E+04
  0.181000E+03  0.416667E-01 -0.372823E-04  0.478800E+04
  0.181000E+03  0.125000E+00  0.304126E-04  0.471200E+04
  0.181000E+03  0.208333E+00  0.387874E-03  0.478400E+04
  0.181000E+03  0.291667E+00  0.137028E-03  0.424800E+04
  0.181000E+03  0.375000E+00  0.754964E-04  0.467200E+04
  0.181000E+03  0.458333E+00 -0.184964E-03  0.478400E+04
  0.181000E+03  0.541667E+00 -0.805289E-04  0.444400E+04
  0.181000E+03  0.625000E+00 -0.150476E-03  0.458000E+04
  0.181000E+03  0.708333E+00 -0.863057E-03  0.458000E+04
  0.181000E+03  0.791667E+00 -0.467513E-03  0.466400E+04
  0.181000E+03  0.875000E+00 -0.982999E-03  0.452400E+04
  0.181000E+03  0.958333E+00 -0.589044E-03  0.462000E+04
  0.183000E+03  0.416667E-01  0.584675E-04  0.487600E+04
  0.183000E+03  0.125000E+00 -0.550834E-05  0.489600E+04
  0.183000E+03  0.208333E+00  0.248462E-03  0.487200E+04
  0.183000E+03  0.291667E+00  0.703425E-04  0.488000E+04
  0.183000E+03  0.375000E+00 -0.452390E-05  0.462800E+04
  0.183000E+03  0.458333E+00 -0.213718E-03  0.461600E+04
  0.183000E+03  0.541667E+00 -0.113349E-03  0.480000E+04
  0.183000E+03  0.625000E+00 -0.121400E-03  0.479600E+04
  0.183000E+03  0.708333E+00 -0.792017E-03  0.482400E+04
  0.183000E+03  0.791667E+00 -0.552861E-03  0.471200E+04
  0.183000E+03  0.875000E+00 -0.964179E-03  0.476400E+04
  0.183000E+03  0.958333E+00 -0.523109E-03  0.476800E+04
  0.185000E+03  0.416667E-01  0.760499E-04  0.485600E+04
  0.185000E+03  0.125000E+00  0.459147E-04  0.483600E+04
  0.185000E+03  0.208333E+00  0.645181E-04  0.481600E+04
  0.185000E+03  0.291667E+00  0.755033E-04  0.483600E+04
  0.185000E+03  0.375000E+00 -0.277737E-04  0.486800E+04
  0.185000E+03  0.458333E+00 -0.948543E-04  0.478800E+04
  0.185000E+03  0.541667E+00 -0.152024E-03  0.477200E+04
  0.185000E+03  0.625000E+00 -0.127580E-03  0.476800E+04
  0.185000E+03  0.708333E+00 -0.757770E-03  0.472400E+04
  0.185000E+03  0.791667E+00 -0.527419E-03  0.476400E+04
  0.185000E+03  0.875000E+00 -0.112542E-02  0.479200E+04
  0.185000E+03  0.958333E+00 -0.491788E-03  0.476000E+04
  0.187000E+03  0.416667E-01  0.732326E-04  0.503200E+04
  0.187000E+03  0.125000E+00  0.157642E-03  0.492400E+04
  0.187000E+03  0.208333E+00  0.150699E-03  0.493600E+04
  0.187000E+03  0.291667E+00  0.793949E-04  0.484400E+04
  0.187000E+03  0.375000E+00 -0.138345E-03  0.484000E+04
  0.187000E+03  0.458333E+00 -0.370892E-04  0.495200E+04
  0.187000E+03  0.541667E+00 -0.145394E-03  0.488400E+04
  0.187000E+03  0.625000E+00 -0.130155E-03  0.489200E+04
  0.187000E+03  0.708333E+00 -0.627667E-03  0.486400E+04
  0.187000E+03  0.791667E+00 -0.592797E-03  0.484400E+04
  0.187000E+03  0.875000E+00 -0.121641E-02  0.487200E+04
  0.187000E+03  0.958333E+00 -0.521327E-03  0.492400E+04
  0.189000E+03  0.416667E-01  0.200301E-04  0.573200E+04
  0.189000E+03  0.125000E+00  0.206302E-03  0.495200E+04
  0.189000E+03  0.208333E+00  0.239696E-03  0.498800E+04
  0.189000E+03  0.291667E+00  0.104860E-03  0.498800E+04
  0.189000E+03  0.375000E+00 -0.113215E-03  0.502000E+04
  0.189000E+03  0.458333E+00 -0.149287E-04  0.502800E+04
  0.189000E+03  0.541667E+00 -0.210926E-03  0.496000E+04
  0.189000E+03  0.625000E+00 -0.202921E-03  0.502000E+04
  0.189000E+03  0.708333E+00 -0.580458E-03  0.506400E+04
  0.189000E+03  0.791667E+00 -0.687073E-03  0.504400E+04
  0.189000E+03  0.875000E+00 -0.124628E-02  0.512000E+04
  0.189000E+03  0.958333E+00 -0.586282E-03  0.500400E+04
  0.191000E+03  0.416667E-01  0.659304E-04  0.552800E+04
  0.191000E+03  0.125000E+00  0.260002E-03  0.502800E+04
  0.191000E+03  0.208333E+00  0.209103E-03  0.503600E+04
  0.191000E+03  0.291667E+00  0.171059E-03  0.496800E+04
  0.191000E+03  0.375000E+00 -0.100068E-03  0.500400E+04
  0.191000E+03  0.458333E+00  0.136047E-04  0.522400E+04
  0.191000E+03  0.541667E+00 -0.134789E-03  0.522400E+04
  0.191000E+03  0.625000E+00 -0.203999E-03  0.510800E+04
  0.191000E+03  0.708333E+00 -0.522747E-03  0.500800E+04
  0.191000E+03  0.791667E+00 -0.661466E-03  0.505200E+04
  0.191000E+03  0.875000E+00 -0.136314E-02  0.504800E+04
  0.191000E+03  0.958333E+00 -0.726578E-03  0.514400E+04
  0.193000E+03  0.416667E-01  0.224365E-03  0.587600E+04
  0.193000E+03  0.125000E+00  0.295512E-03  0.509600E+04
  0.193000E+03  0.208333E+00  0.182708E-03  0.515200E+04
  0.193000E+03  0.291667E+00  0.807754E-04  0.540400E+04
  0.193000E+03  0.375000E+00 -0.686104E-04  0.547600E+04
  0.193000E+03  0.458333E+00  0.899334E-05  0.516400E+04
  0.193000E+03  0.541667E+00 -0.242440E-04  0.509200E+04
  0.193000E+03  0.625000E+00 -0.232205E-03  0.529600E+04
  0.193000E+03  0.708333E+00 -0.532922E-03  0.546400E+04
  0.193000E+03  0.791667E+00 -0.605451E-03  0.535200E+04
  0.193000E+03  0.875000E+00 -0.132682E-02  0.519200E+04
  0.193000E+03  0.958333E+00 -0.804290E-03  0.530000E+04
  0.195000E+03  0.416667E-01  0.779659E-04  0.574000E+04
  0.195000E+03  0.125000E+00  0.294005E-03  0.521600E+04
  0.195000E+03  0.208333E+00  0.614730E-04  0.538400E+04
  0.195000E+03  0.291667E+00 -0.128254E-04  0.550400E+04
  0.195000E+03  0.375000E+00 -0.102919E-03  0.522000E+04
  0.195000E+03  0.458333E+00  0.106214E-03  0.534800E+04
  0.195000E+03  0.541667E+00  0.146860E-03  0.553600E+04
  0.195000E+03  0.625000E+00 -0.156135E-03  0.526000E+04
  0.195000E+03  0.708333E+00 -0.495715E-03  0.522800E+04
  0.195000E+03  0.791667E+00 -0.642341E-03  0.541600E+04
  0.195000E+03  0.875000E+00 -0.124011E-02  0.533200E+04
  0.195000E+03  0.958333E+00 -0.824493E-03  0.541200E+04
  0.197000E+03  0.416667E-01  0.119771E-03  0.587200E+04
  0.197000E+03  0.125000E+00  0.257601E-03  0.511600E+04
  0.197000E+03  0.208333E+00 -0.288219E-05  0.581600E+04
  0.197000E+03  0.291667E+00 -0.655638E-04  0.520800E+04
  0.197000E+03  0.375000E+00 -0.719939E-04  0.554800E+04
  0.197000E+03  0.458333E+00  0.171954E-03  0.546400E+04
  0.197000E+03  0.541667E+00  0.151012E-03  0.534400E+04
  0.197000E+03  0.625000E+00 -0.173079E-03  0.560000E+04
  0.197000E+03  0.708333E+00 -0.586348E-03  0.540800E+04
  0.197000E+03  0.791667E+00 -0.793851E-03  0.544400E+04
  0.197000E+03  0.875000E+00 -0.122767E-02  0.551200E+04
  0.197000E+03  0.958333E+00 -0.859547E-03  0.536400E+04
  0.199000E+03  0.416667E-01  0.693778E-04  0.581600E+04
  0.199000E+03  0.125000E+00  0.258025E-03  0.550400E+04
  0.199000E+03  0.208333E+00 -0.656481E-04  0.562400E+04
  0.199000E+03  0.291667E+00 -0.195964E-03  0.553200E+04
  0.199000E+03  0.375000E+00 -0.448351E-05  0.559600E+04
  0.199000E+03  0.458333E+00  0.113564E-03  0.545200E+04
  0.199000E+03  0.541667E+00  0.448608E-04  0.562800E+04
  0.199000E+03  0.625000E+00 -0.173427E-03  0.555600E+04
  0.199000E+03  0.708333E+00 -0.575754E-03  0.558400E+04
  0.199000E+03  0.791667E+00 -0.838361E-03  0.549200E+04
  0.199000E+03  0.875000E+00 -0.120012E-02  0.550800E+04
  0.199000E+03  0.958333E+00 -0.985795E-03  0.557200E+04
