  0.100000E+01  0.796823E+01 -0.186733E-02  0.464736E+01  0.600000E+01
  0.300000E+01  0.228404E+01  0.729446E-04 -0.271428E+00  0.260000E+02
  0.500000E+01  0.772809E+00  0.662385E-03 -0.374490E-01  0.900000E+02
  0.700000E+01  0.477658E+00  0.373916E-03  0.173367E-01  0.134000E+03
  0.900000E+01  0.307945E+00  0.188228E-03  0.181005E-02  0.330000E+03
  0.110000E+02  0.217146E+00  0.235732E-03  0.501661E-03  0.362000E+03
  0.130000E+02  0.161798E+00  0.244093E-03  0.169694E-03  0.602000E+03
  0.150000E+02  0.122851E+00  0.324063E-04 -0.107908E-03  0.774000E+03
  0.170000E+02  0.968256E-01 -0.146467E-03  0.416573E-03  0.914000E+03
  0.190000E+02  0.771469E-01 -0.866316E-04 -0.178067E-03  0.121800E+04
  0.210000E+02  0.616273E-01 -0.843486E-04  0.626622E-03  0.157400E+04
  0.230000E+02  0.502025E-01  0.109236E-04 -0.160445E-03  0.177800E+04
  0.250000E+02  0.416052E-01  0.151658E-04  0.152715E-03  0.203400E+04
  0.270000E+02  0.343971E-01  0.874743E-04  0.509487E-04  0.245000E+04
  0.290000E+02  0.286806E-01 -0.147246E-04 -0.670607E-04  0.291000E+04
  0.310000E+02  0.241897E-01 -0.540639E-04  0.372629E-04  0.314600E+04
  0.330000E+02  0.206194E-01 -0.907418E-05 -0.521375E-04  0.377000E+04
  0.350000E+02  0.177037E-01  0.344162E-05  0.780457E-04  0.402600E+04
  0.370000E+02  0.152167E-01 -0.773994E-04  0.278158E-04  0.488600E+04
  0.390000E+02  0.129676E-01 -0.996320E-04 -0.124446E-05  0.501000E+04
  0.410000E+02  0.113490E-01 -0.233373E-04  0.863507E-05  0.581000E+04
  0.430000E+02  0.100608E-01 -0.359634E-04  0.705810E-04  0.608600E+04
  0.450000E+02  0.872436E-02 -0.787010E-04 -0.731065E-05  0.685800E+04
  0.470000E+02  0.754776E-02 -0.153479E-03  0.525351E-04  0.741800E+04
  0.490000E+02  0.660866E-02 -0.176346E-03  0.252674E-05  0.810600E+04
  0.510000E+02  0.581359E-02 -0.132908E-03 -0.257409E-04  0.867800E+04
  0.530000E+02  0.511892E-02 -0.111043E-03 -0.473526E-04  0.942600E+04
  0.550000E+02  0.454165E-02 -0.640871E-04 -0.101744E-03  0.105620E+05
  0.570000E+02  0.405682E-02 -0.977160E-04 -0.532348E-04  0.106220E+05
  0.590000E+02  0.369889E-02 -0.671714E-04 -0.153091E-05  0.118020E+05
  0.610000E+02  0.318959E-02 -0.890328E-04  0.155791E-04  0.124100E+05
  0.630000E+02  0.272841E-02 -0.692106E-04 -0.212842E-04  0.134580E+05
  0.650000E+02  0.246080E-02 -0.416911E-04 -0.605251E-05  0.144380E+05
  0.670000E+02  0.218070E-02 -0.107395E-04 -0.243460E-04  0.151940E+05
  0.690000E+02  0.196021E-02 -0.109958E-04  0.735960E-05  0.157620E+05
  0.710000E+02  0.163618E-02 -0.906015E-04  0.209825E-04  0.170420E+05
  0.730000E+02  0.133255E-02 -0.677633E-04  0.184765E-04  0.182940E+05
  0.750000E+02  0.116802E-02 -0.516975E-04  0.295625E-04  0.188180E+05
  0.770000E+02  0.100819E-02 -0.316427E-04  0.114433E-04  0.199700E+05
  0.790000E+02  0.914546E-03 -0.797889E-04 -0.159904E-04  0.209820E+05
  0.810000E+02  0.846744E-03 -0.106312E-03 -0.409404E-04  0.218420E+05
  0.830000E+02  0.763429E-03 -0.115780E-03 -0.393665E-04  0.231600E+05
  0.850000E+02  0.743277E-03 -0.961265E-04 -0.225696E-04  0.248180E+05
  0.870000E+02  0.739915E-03 -0.103516E-03  0.168465E-05  0.259820E+05
  0.890000E+02  0.821064E-03 -0.863233E-04  0.112089E-04  0.260580E+05
  0.910000E+02  0.915211E-03 -0.452633E-04 -0.184494E-04  0.280580E+05
  0.930000E+02  0.971573E-03 -0.663278E-04 -0.450430E-04  0.293460E+05
  0.950000E+02  0.930306E-03 -0.955115E-04 -0.357533E-04  0.304220E+05
  0.970000E+02  0.994845E-03 -0.749196E-04 -0.368196E-05  0.315060E+05
  0.990000E+02  0.106187E-02 -0.322971E-04  0.404106E-05  0.336980E+05
  0.101000E+03  0.107502E-02 -0.662590E-05  0.289144E-04  0.339020E+05
  0.103000E+03  0.103762E-02 -0.197552E-05  0.348257E-04  0.361620E+05
  0.105000E+03  0.879075E-03 -0.314455E-04  0.171451E-04  0.369140E+05
  0.107000E+03  0.724557E-03 -0.127232E-04  0.196967E-04  0.383220E+05
  0.109000E+03  0.582836E-03 -0.228135E-04  0.226129E-04  0.402140E+05
  0.111000E+03  0.416986E-03 -0.254468E-04  0.207058E-04  0.416660E+05
  0.113000E+03  0.292837E-03  0.992297E-05  0.171763E-04  0.435540E+05
  0.115000E+03  0.227830E-03  0.794299E-05  0.656473E-05  0.438620E+05
  0.117000E+03  0.172224E-03  0.650732E-05 -0.113729E-04  0.465540E+05
  0.119000E+03  0.974126E-04  0.283425E-04 -0.159200E-04  0.482900E+05
  0.121000E+03 -0.270259E-04  0.219792E-04 -0.102079E-04  0.487700E+05
  0.123000E+03 -0.103021E-03 -0.111973E-05 -0.112535E-04  0.513420E+05
  0.125000E+03 -0.158479E-03 -0.225049E-04 -0.196385E-05  0.523220E+05
  0.127000E+03 -0.249394E-03 -0.367429E-04  0.474871E-05  0.549780E+05
  0.129000E+03 -0.306839E-03 -0.420010E-04 -0.212809E-05  0.562820E+05
  0.131000E+03 -0.321345E-03 -0.798004E-05 -0.890987E-05  0.571580E+05
  0.133000E+03 -0.356640E-03 -0.912864E-05 -0.164714E-04  0.597540E+05
  0.135000E+03 -0.354023E-03 -0.256411E-04 -0.111115E-04  0.608180E+05
  0.137000E+03 -0.358335E-03 -0.100579E-05 -0.349481E-04  0.634380E+05
  0.139000E+03 -0.420417E-03 -0.550561E-05 -0.467647E-04  0.661220E+05
  0.141000E+03 -0.373829E-03 -0.273953E-04 -0.538905E-04  0.664980E+05
  0.143000E+03 -0.368551E-03 -0.519715E-04 -0.466199E-04  0.691700E+05
  0.145000E+03 -0.374317E-03 -0.398835E-04 -0.453219E-04  0.708860E+05
  0.147000E+03 -0.363614E-03 -0.403704E-04 -0.463011E-04  0.739860E+05
  0.149000E+03 -0.293307E-03 -0.485420E-04 -0.289904E-04  0.740420E+05
  0.151000E+03 -0.275438E-03 -0.366912E-04 -0.143468E-04  0.761940E+05
  0.153000E+03 -0.287959E-03 -0.396580E-04 -0.199556E-05  0.794300E+05
  0.155000E+03 -0.258584E-03 -0.369658E-04 -0.136710E-04  0.810980E+05
  0.157000E+03 -0.240808E-03 -0.181731E-04 -0.162202E-04  0.829380E+05
  0.159000E+03 -0.231125E-03 -0.210183E-04 -0.134755E-04  0.856700E+05
  0.161000E+03 -0.196493E-03 -0.137067E-04 -0.263782E-04  0.866100E+05
  0.163000E+03 -0.215776E-03  0.105828E-04 -0.255362E-04  0.905540E+05
  0.165000E+03 -0.214327E-03  0.203849E-04 -0.177958E-04  0.905540E+05
  0.167000E+03 -0.224314E-03  0.185748E-04 -0.513253E-05  0.950280E+05
  0.169000E+03 -0.216340E-03  0.261043E-04 -0.105676E-04  0.958820E+05
  0.171000E+03 -0.204207E-03  0.112981E-04 -0.132485E-04  0.997140E+05
  0.173000E+03 -0.220814E-03  0.152120E-04 -0.172756E-04  0.995180E+05
  0.175000E+03 -0.213993E-03 -0.545823E-05 -0.237731E-04  0.104354E+06
  0.177000E+03 -0.203370E-03  0.333858E-05 -0.203631E-04  0.104778E+06
  0.179000E+03 -0.175549E-03  0.767088E-05 -0.232466E-04  0.109058E+06
  0.181000E+03 -0.196810E-03 -0.227028E-05 -0.986913E-06  0.110214E+06
  0.183000E+03 -0.203169E-03  0.128468E-04 -0.971930E-06  0.114242E+06
  0.185000E+03 -0.204152E-03  0.174984E-04 -0.774828E-05  0.114570E+06
  0.187000E+03 -0.203792E-03  0.427516E-05 -0.234061E-05  0.116978E+06
  0.189000E+03 -0.174997E-03 -0.711453E-05 -0.475793E-05  0.121238E+06
  0.191000E+03 -0.136597E-03 -0.214234E-04 -0.112525E-05  0.122130E+06
  0.193000E+03 -0.108258E-03 -0.163649E-04  0.695155E-05  0.127058E+06
  0.195000E+03 -0.971551E-04 -0.672344E-05 -0.749857E-05  0.128574E+06
  0.197000E+03 -0.132519E-03 -0.172700E-04 -0.114017E-04  0.130754E+06
  0.199000E+03 -0.152583E-03 -0.650491E-05 -0.463192E-05  0.133082E+06
