  0.100000E+01  0.661060E+01  0.323986E+00  0.399118E+01  0.600000E+01
  0.300000E+01  0.220805E+01  0.104757E+00 -0.190631E+00  0.260000E+02
  0.500000E+01  0.967059E+00  0.455714E-01 -0.330417E-01  0.900000E+02
  0.700000E+01  0.660037E+00  0.206342E-01  0.368330E-01  0.134000E+03
  0.900000E+01  0.442530E+00 -0.102087E-02  0.109686E-01  0.330000E+03
  0.110000E+02  0.317434E+00 -0.999438E-02  0.442069E-02  0.362000E+03
  0.130000E+02  0.238714E+00 -0.133622E-01  0.253121E-02  0.602000E+03
  0.150000E+02  0.181918E+00 -0.145567E-01  0.164161E-02  0.774000E+03
  0.170000E+02  0.143564E+00 -0.145126E-01  0.126457E-02  0.914000E+03
  0.190000E+02  0.114947E+00 -0.135440E-01  0.647877E-03  0.121800E+04
  0.210000E+02  0.919942E-01 -0.130544E-01  0.922700E-03  0.157400E+04
  0.230000E+02  0.747242E-01 -0.116066E-01  0.330326E-03  0.177800E+04
  0.250000E+02  0.620298E-01 -0.108005E-01  0.312240E-03  0.203400E+04
  0.270000E+02  0.515210E-01 -0.983544E-02  0.437917E-03  0.245000E+04
  0.290000E+02  0.431948E-01 -0.887197E-02  0.122798E-03  0.291000E+04
  0.310000E+02  0.366020E-01 -0.814395E-02  0.180994E-03  0.314600E+04
  0.330000E+02  0.310724E-01 -0.739301E-02  0.121134E-03  0.377000E+04
  0.350000E+02  0.266764E-01 -0.688709E-02  0.227576E-03  0.402600E+04
  0.370000E+02  0.229469E-01 -0.634916E-02  0.205952E-03  0.488600E+04
  0.390000E+02  0.198155E-01 -0.576544E-02  0.851021E-04  0.501000E+04
  0.410000E+02  0.172515E-01 -0.533843E-02  0.161034E-03  0.581000E+04
  0.430000E+02  0.150538E-01 -0.501074E-02  0.165317E-03  0.608600E+04
  0.450000E+02  0.130634E-01 -0.462921E-02  0.124847E-03  0.685800E+04
  0.470000E+02  0.114980E-01 -0.441568E-02  0.756751E-04  0.741800E+04
  0.490000E+02  0.100171E-01 -0.409319E-02  0.962355E-04  0.810600E+04
  0.510000E+02  0.868929E-02 -0.377030E-02  0.888913E-04  0.867800E+04
  0.530000E+02  0.761571E-02 -0.345292E-02  0.975357E-04  0.942600E+04
  0.550000E+02  0.682328E-02 -0.309880E-02  0.105026E-03  0.105620E+05
  0.570000E+02  0.621568E-02 -0.294906E-02  0.806079E-04  0.106220E+05
  0.590000E+02  0.548124E-02 -0.280489E-02  0.113499E-03  0.118020E+05
  0.610000E+02  0.478290E-02 -0.264150E-02  0.791773E-04  0.124100E+05
  0.630000E+02  0.419075E-02 -0.241900E-02  0.391844E-04  0.134580E+05
  0.650000E+02  0.367734E-02 -0.228774E-02  0.201373E-04  0.144380E+05
  0.670000E+02  0.324144E-02 -0.212114E-02  0.591917E-04  0.151940E+05
  0.690000E+02  0.289137E-02 -0.203168E-02  0.793424E-04  0.157620E+05
  0.710000E+02  0.259916E-02 -0.190354E-02  0.653933E-04  0.170420E+05
  0.730000E+02  0.228159E-02 -0.176332E-02  0.569748E-04  0.182940E+05
  0.750000E+02  0.197338E-02 -0.165089E-02  0.240803E-04  0.188180E+05
  0.770000E+02  0.176416E-02 -0.156704E-02  0.208088E-04  0.199700E+05
  0.790000E+02  0.163972E-02 -0.148256E-02  0.430325E-05  0.209820E+05
  0.810000E+02  0.154653E-02 -0.141591E-02  0.232835E-04  0.218420E+05
  0.830000E+02  0.139341E-02 -0.137503E-02 -0.508173E-05  0.231600E+05
  0.850000E+02  0.129645E-02 -0.131536E-02 -0.179498E-05  0.248180E+05
  0.870000E+02  0.128566E-02 -0.122257E-02  0.825184E-05  0.259820E+05
  0.890000E+02  0.126577E-02 -0.116622E-02  0.257113E-04  0.260580E+05
  0.910000E+02  0.126987E-02 -0.108221E-02  0.162353E-04  0.280580E+05
  0.930000E+02  0.133532E-02 -0.100431E-02  0.291332E-04  0.293460E+05
  0.950000E+02  0.141362E-02 -0.955832E-03  0.256717E-04  0.304220E+05
  0.970000E+02  0.141880E-02 -0.924423E-03 -0.130445E-05  0.315060E+05
  0.990000E+02  0.141026E-02 -0.879569E-03 -0.116746E-05  0.336980E+05
  0.101000E+03  0.141040E-02 -0.845457E-03  0.168080E-04  0.339020E+05
  0.103000E+03  0.131321E-02 -0.797583E-03  0.247232E-04  0.361620E+05
  0.105000E+03  0.119820E-02 -0.761178E-03  0.337276E-04  0.369140E+05
  0.107000E+03  0.105017E-02 -0.717424E-03  0.404420E-04  0.383220E+05
  0.109000E+03  0.878713E-03 -0.668575E-03  0.587866E-04  0.402140E+05
  0.111000E+03  0.744462E-03 -0.630234E-03  0.828609E-04  0.416660E+05
  0.113000E+03  0.576923E-03 -0.589777E-03  0.931247E-04  0.435540E+05
  0.115000E+03  0.446404E-03 -0.561752E-03  0.730324E-04  0.438620E+05
  0.117000E+03  0.314584E-03 -0.535249E-03  0.633175E-04  0.465540E+05
  0.119000E+03  0.178353E-03 -0.534198E-03  0.499403E-04  0.482900E+05
  0.121000E+03  0.402906E-04 -0.523397E-03  0.583221E-04  0.487700E+05
  0.123000E+03 -0.729709E-04 -0.537566E-03  0.608667E-04  0.513420E+05
  0.125000E+03 -0.110263E-03 -0.530702E-03  0.628032E-04  0.523220E+05
  0.127000E+03 -0.184947E-03 -0.512350E-03  0.701693E-04  0.549780E+05
  0.129000E+03 -0.267286E-03 -0.490614E-03  0.580612E-04  0.562820E+05
  0.131000E+03 -0.361419E-03 -0.470473E-03  0.443284E-04  0.571580E+05
  0.133000E+03 -0.475956E-03 -0.467233E-03  0.291091E-04  0.597540E+05
  0.135000E+03 -0.501887E-03 -0.473262E-03  0.215749E-04  0.608180E+05
  0.137000E+03 -0.544266E-03 -0.482130E-03  0.172986E-05  0.634380E+05
  0.139000E+03 -0.606403E-03 -0.465609E-03 -0.623403E-05  0.661220E+05
  0.141000E+03 -0.578153E-03 -0.449645E-03 -0.278345E-04  0.664980E+05
  0.143000E+03 -0.547544E-03 -0.443439E-03 -0.300910E-04  0.691700E+05
  0.145000E+03 -0.507831E-03 -0.424051E-03 -0.400558E-04  0.708860E+05
  0.147000E+03 -0.497037E-03 -0.418702E-03 -0.476521E-04  0.739860E+05
  0.149000E+03 -0.445521E-03 -0.409028E-03 -0.440606E-04  0.740420E+05
  0.151000E+03 -0.412563E-03 -0.391242E-03 -0.457830E-04  0.761940E+05
  0.153000E+03 -0.382695E-03 -0.359831E-03 -0.177174E-04  0.794300E+05
  0.155000E+03 -0.346425E-03 -0.324602E-03 -0.164013E-04  0.810980E+05
  0.157000E+03 -0.330238E-03 -0.304243E-03 -0.194330E-04  0.829380E+05
  0.159000E+03 -0.317275E-03 -0.288585E-03 -0.118930E-04  0.856700E+05
  0.161000E+03 -0.305708E-03 -0.266417E-03  0.621841E-05  0.866100E+05
  0.163000E+03 -0.309842E-03 -0.229432E-03 -0.310789E-05  0.905540E+05
  0.165000E+03 -0.301213E-03 -0.205909E-03 -0.711173E-05  0.905540E+05
  0.167000E+03 -0.281868E-03 -0.202498E-03 -0.815873E-05  0.950280E+05
  0.169000E+03 -0.285323E-03 -0.195972E-03 -0.745184E-05  0.958820E+05
  0.171000E+03 -0.287461E-03 -0.186017E-03  0.403713E-05  0.997140E+05
  0.173000E+03 -0.298365E-03 -0.170860E-03  0.809813E-05  0.995180E+05
  0.175000E+03 -0.254963E-03 -0.179726E-03  0.812262E-05  0.104354E+06
  0.177000E+03 -0.251877E-03 -0.167305E-03  0.769693E-05  0.104778E+06
  0.179000E+03 -0.233289E-03 -0.164381E-03  0.147094E-04  0.109058E+06
  0.181000E+03 -0.225428E-03 -0.150622E-03  0.190750E-04  0.110214E+06
  0.183000E+03 -0.241826E-03 -0.140206E-03  0.210241E-04  0.114242E+06
  0.185000E+03 -0.252213E-03 -0.142439E-03  0.169900E-04  0.114570E+06
  0.187000E+03 -0.245034E-03 -0.155176E-03  0.149381E-04  0.116978E+06
  0.189000E+03 -0.256849E-03 -0.168340E-03  0.177946E-04  0.121238E+06
  0.191000E+03 -0.249270E-03 -0.186825E-03  0.794309E-05  0.122130E+06
  0.193000E+03 -0.234632E-03 -0.194519E-03  0.550488E-05  0.127058E+06
  0.195000E+03 -0.231973E-03 -0.181131E-03 -0.138119E-04  0.128574E+06
  0.197000E+03 -0.257567E-03 -0.188506E-03 -0.128448E-04  0.130754E+06
  0.199000E+03 -0.295273E-03 -0.189399E-03 -0.183346E-04  0.133082E+06
